0.00000000 -0.88746547 -0.26680345 -0.24159590 -0.00175687 0.46606477 -0.36060969
1.00000000 -0.88704614 -0.26468993 -0.23965428 -0.00307519 0.46417260 -0.35722752
2.00000000 -0.88578894 -0.25839167 -0.23388189 -0.00699544 0.45852509 -0.34716336
3.00000000 -0.88369633 -0.24803467 -0.22443442 -0.01341436 0.44920862 -0.33066213
4.00000000 -0.88077234 -0.23382590 -0.21156600 -0.02216274 0.43636544 -0.30812481
5.00000000 -0.87702266 -0.21604884 -0.19562119 -0.03300964 0.42019103 -0.28009777
6.00000000 -0.87245453 -0.19505736 -0.17702432 -0.04566818 0.40093056 -0.24725838
7.00000000 -0.86707679 -0.17126811 -0.15626631 -0.05980274 0.37887440 -0.21039707
8.00000000 -0.86089983 -0.14515157 -0.13388948 -0.07503735 0.35435287 -0.17039650
9.00000000 -0.85393557 -0.11722196 -0.11047093 -0.09096508 0.32773026 -0.12820838
10.00000000 -0.84619741 -0.08802622 -0.08660496 -0.10715827 0.29939827 -0.08482857
11.00000000 -0.83770026 -0.05813238 -0.06288509 -0.12317916 0.26976898 -0.04127112
12.00000000 -0.82846041 -0.02811748 -0.03988635 -0.13859088 0.23926756 0.00145800
13.00000000 -0.81849559 0.00144461 -0.01814834 -0.15296833 0.20832469 0.04238672
14.00000000 -0.80782483 0.02999526 0.00184027 -0.16590878 0.17736910 0.08060167
15.00000000 -0.79646849 0.05700272 0.01965551 -0.17704190 0.14682008 0.11527115
16.00000000 -0.78444818 0.08197314 0.03494951 -0.18603902 0.11708035 0.14566573
17.00000000 -0.77178670 0.10446062 0.04745935 -0.19262126 0.08852929 0.17117591
18.00000000 -0.75850799 0.12407622 0.05701295 -0.19656646 0.06151668 0.19132639
19.00000000 -0.74463708 0.14049558 0.06353199 -0.19771469 0.03635713 0.20578655
20.00000000 -0.73020002 0.15346516 0.06703173 -0.19597220 0.01332515 0.21437697
21.00000000 -0.71522383 0.16280675 0.06761780 -0.19131373 -0.00734880 0.21707178
22.00000000 -0.69973643 0.16842043 0.06548013 -0.18378310 -0.02548154 0.21399676
23.00000000 -0.68376655 0.17028568 0.06088426 -0.17349211 -0.04093929 0.20542350
24.00000000 -0.66734369 0.16846080 0.05416039 -0.16061780 -0.05363894 0.19175953
25.00000000 -0.65049804 0.16308055 0.04569058 -0.14539802 -0.06354826 0.17353504
26.00000000 -0.63326041 0.15435221 0.03589453 -0.12812560 -0.07068513 0.15138631
27.00000000 -0.61566215 0.14254998 0.02521448 -0.10914118 -0.07511589 0.12603664
28.00000000 -0.59773509 0.12800807 0.01409985 -0.08882483 -0.07695269 0.09827507
29.00000000 -0.57951144 0.11111249 0.00299195 -0.06758684 -0.07635011 0.06893372
30.00000000 -0.56102374 0.09229180 -0.00769055 -0.04585772 -0.07350095 0.03886430
31.00000000 -0.54230478 0.07200704 -0.01756489 -0.02407782 -0.06863139 0.00891444
32.00000000 -0.52338751 0.05074108 -0.02629602 -0.00268673 -0.06199561 -0.02009534
33.00000000 -0.50430496 0.02898761 -0.03360625 0.01788719 -0.05387000 -0.04739364
34.00000000 -0.48509019 0.00724004 -0.03928274 0.03723700 -0.04454701 -0.07227830
35.00000000 -0.46577621 -0.01401939 -0.04318239 0.05498672 -0.03432888 -0.09413428
36.00000000 -0.44639587 -0.03433019 -0.04523426 0.07080009 -0.02352133 -0.11244870
37.00000000 -0.42698182 -0.05326342 -0.04543922 0.08438820 -0.01242729 -0.12682276
38.00000000 -0.40756643 -0.07043075 -0.04386726 0.09551603 -0.00134090 -0.13698021
39.00000000 -0.38818171 -0.08549238 -0.04065221 0.10400746 0.00945821 -0.14277214
40.00000000 -0.36885926 -0.09816380 -0.03598450 0.10974892 0.01971011 -0.14417811
41.00000000 -0.34963017 -0.10822110 -0.03010205 0.11269142 0.02917930 -0.14130357
42.00000000 -0.33052496 -0.11550492 -0.02327970 0.11285092 0.03765878 -0.13437372
43.00000000 -0.31157355 -0.11992276 -0.01581771 0.11030717 0.04497339 -0.12372413
44.00000000 -0.29280513 -0.12144979 -0.00802959 0.10520099 0.05098241 -0.10978832
45.00000000 -0.27424818 -0.12012805 -0.00022993 0.09773003 0.05558138 -0.09308280
46.00000000 -0.25593033 -0.11606417 0.00727754 0.08814322 0.05870307 -0.07419007
47.00000000 -0.23787838 -0.10942556 0.01421099 0.07673398 0.06031766 -0.05373998
48.00000000 -0.22011817 -0.10043535 0.02032051 0.06383245 0.06043205 -0.03239023
49.00000000 -0.20267460 -0.08936606 0.02539652 0.04979691 0.05908852 -0.01080638
50.00000000 -0.18557153 -0.07653228 0.02927648 0.03500456 0.05636251 0.01035788
51.00000000 -0.16883176 -0.06228245 0.03184961 0.01984204 0.05235988 0.03047970
52.00000000 -0.15247698 -0.04699003 0.03305946 0.00469578 0.04721346 0.04898471
53.00000000 -0.13652774 -0.03104422 0.03290446 -0.01005749 0.04107918 0.06536283
54.00000000 -0.12100342 -0.01484053 0.03143627 -0.02405984 0.03413179 0.07918188
55.00000000 -0.10592215 0.00122873 0.02875616 -0.03698062 0.02656022 0.09009851
56.00000000 -0.09130085 0.01678360 0.02500963 -0.04852420 0.01856284 0.09786629
57.00000000 -0.07715517 0.03146525 0.02037947 -0.05843660 0.01034254 0.10234074
58.00000000 -0.06349945 0.04494403 0.01507755 -0.06651105 0.00210192 0.10348116
59.00000000 -0.05034676 0.05692673 0.00933579 -0.07259224 -0.00596145 0.10134933
60.00000000 -0.03770881 0.06716283 0.00339650 -0.07657920 -0.01365946 0.09610517
61.00000000 -0.02559600 0.07544959 -0.00249735 -0.07842676 -0.02081765 0.08799953
62.00000000 -0.01401739 0.08163592 -0.00811165 -0.07814555 -0.02727888 0.07736437
63.00000000 -0.00298069 0.08562497 -0.01323005 -0.07580059 -0.03290663 0.06460074
64.00000000 0.00750774 0.08737532 -0.01766201 -0.07150853 -0.03758761 0.05016486
65.00000000 0.01744286 0.08690082 -0.02124956 -0.06543357 -0.04123388 0.03455291
66.00000000 0.02682097 0.08426919 -0.02387264 -0.05778229 -0.04378428 0.01828486
67.00000000 0.03563972 0.07959918 -0.02545286 -0.04879743 -0.04520519 0.00188793
68.00000000 0.04389802 0.07305673 -0.02595546 -0.03875085 -0.04549071 -0.01411976
69.00000000 0.05159612 0.06484991 -0.02538960 -0.02793592 -0.04466212 -0.02924503
70.00000000 0.05873552 0.05522298 -0.02380685 -0.01665939 -0.04276670 -0.04303423
71.00000000 0.06531896 0.04444975 -0.02129807 -0.00523315 -0.03987608 -0.05508646
72.00000000 0.07135043 0.03282621 -0.01798884 0.00603407 -0.03608392 -0.06506476
73.00000000 0.07683508 0.02066286 -0.01403359 0.01684469 -0.03150325 -0.07270517
74.00000000 0.08177926 0.00827677 -0.00960876 0.02691993 -0.02626334 -0.07782331
75.00000000 0.08619042 -0.00401635 -0.00490524 0.03600674 -0.02050624 -0.08031841
76.00000000 0.09007711 -0.01590993 -0.00012041 0.04388399 -0.01438319 -0.08017455
77.00000000 0.09344893 -0.02711393 0.00454988 0.05036768 -0.00805077 -0.07745940
78.00000000 0.09631648 -0.03736167 0.00891912 0.05531509 -0.00166712 -0.07232022
79.00000000 0.09869132 -0.04641603 0.01281735 0.05862773 0.00461189 -0.06497759
80.00000000 0.10058596 -0.05407472 0.01609761 0.06025313 0.01063633 -0.05571689
81.00000000 0.10201374 -0.06017468 0.01864128 0.06018531 0.01626563 -0.04487798
82.00000000 0.10298884 -0.06459535 0.02036222 0.05846406 0.02137174 -0.03284335
83.00000000 0.10352620 -0.06726087 0.02120949 0.05517295 0.02584193 -0.02002514
84.00000000 0.10364148 -0.06814114 0.02116860 0.05043627 0.02958120 -0.00685157
85.00000000 0.10335100 -0.06725170 0.02026133 0.04441491 0.03251413 0.00624697
86.00000000 0.10267168 -0.06465245 0.01854403 0.03730130 0.03458634 0.01885155
87.00000000 0.10162101 -0.06044535 0.01610464 0.02931366 0.03576535 0.03056778
88.00000000 0.10021695 -0.05477104 0.01305846 0.02068959 0.03604090 0.04103784
89.00000000 0.09847790 -0.04780461 0.00954292 0.01167932 0.03542482 0.04995106
90.00000000 0.09642265 -0.03975053 0.00571158 0.00253863 0.03395026 0.05705293
91.00000000 0.09407031 -0.03083696 0.00172758 -0.00647813 0.03167049 0.06215209
92.00000000 0.09144023 -0.02130955 -0.00224312 -0.01512495 0.02865727 0.06512519
93.00000000 0.08855201 -0.01142493 -0.00603852 -0.02317070 0.02499871 0.06591953
94.00000000 0.08542534 -0.00144397 -0.00950708 -0.03040516 0.02079689 0.06455340
95.00000000 0.08208006 0.00837487 -0.01251360 -0.03664435 0.01616512 0.06111415
96.00000000 0.07853600 0.01778208 -0.01494441 -0.04173514 0.01122500 0.05575413
97.00000000 0.07481300 0.02654328 -0.01671154 -0.04555883 0.00610331 0.04868454
98.00000000 0.07093080 0.03444490 -0.01775581 -0.04803381 0.00092892 0.04016766
99.00000000 0.06690902 0.04129929 -0.01804864 -0.04911717 -0.00417044 0.03050746
100.00000000 0.06276712 0.04694900 -0.01759267 -0.04880519 -0.00907121 0.02003910
101.00000000 0.05852430 0.05127036 -0.01642102 -0.04713273 -0.01365690 0.00911762
102.00000000 0.05419948 0.05417597 -0.01459543 -0.04417165 -0.01782082 -0.00189383
103.00000000 0.04981128 0.05561639 -0.01220315 -0.04002822 -0.02146846 -0.01263580
104.00000000 0.04537792 0.05558074 -0.00935299 -0.03483953 -0.02451958 -0.02276408
105.00000000 0.04091720 0.05409631 -0.00617044 -0.02876927 -0.02690994 -0.03196044
106.00000000 0.03644648 0.05122729 -0.00279231 -0.02200273 -0.02859251 -0.03994252
107.00000000 0.03198259 0.04707244 0.00063910 -0.01474134 -0.02953839 -0.04647225
108.00000000 0.02754185 0.04176205 0.00398185 -0.00719682 -0.02973718 -0.05136280
109.00000000 0.02314000 0.03545406 0.00710016 0.00041485 -0.02919691 -0.05448374
110.00000000 0.01879214 0.02832951 0.00986984 0.00787944 -0.02794354 -0.05576432
111.00000000 0.01451278 0.02058760 0.01218316 0.01499045 -0.02602006 -0.05519473
112.00000000 0.01031573 0.01244019 0.01395296 0.02155464 -0.02348511 -0.05282543
113.00000000 0.00621411 0.00410620 0.01511586 0.02739723 -0.02041138 -0.04876450
114.00000000 0.00222034 -0.00419421 0.01563445 0.03236644 -0.01688350 -0.04317324
115.00000000 -0.00165391 -0.01224526 0.01549836 0.03633736 -0.01299590 -0.03626006
116.00000000 -0.00539774 -0.01984111 0.01472427 0.03921500 -0.00885027 -0.02827295
117.00000000 -0.00900099 -0.02679101 0.01335476 0.04093647 -0.00455300 -0.01949083
118.00000000 -0.01245430 -0.03292398 0.01145615 0.04147223 -0.00021249 -0.01021402
119.00000000 -0.01574912 -0.03809296 0.00911538 0.04082642 0.00406349 -0.00075412
120.00000000 -0.01887767 -0.04217823 0.00643615 0.03903621 0.00817049 0.00857627
121.00000000 -0.02183301 -0.04509013 0.00353438 0.03617027 0.01200979 0.01747369
122.00000000 -0.02460900 -0.04677088 0.00053329 0.03232640 0.01549083 0.02565361
123.00000000 -0.02720030 -0.04719565 -0.00244180 0.02762833 0.01853320 0.03285932
124.00000000 -0.02960238 -0.04637273 -0.00526861 0.02222189 0.02106854 0.03886990
125.00000000 -0.03181153 -0.04434276 -0.00783285 0.01627059 0.02304196 0.04350688
126.00000000 -0.03382482 -0.04117729 -0.01003284 0.00995083 0.02441326 0.04663938
127.00000000 -0.03564012 -0.03697641 -0.01178345 0.00344670 0.02515761 0.04818769
128.00000000 -0.03725604 -0.03186577 -0.01301934 -0.00305522 0.02526601 0.04812508
129.00000000 -0.03867200 -0.02599292 -0.01369734 -0.00937119 0.02474525 0.04647795
130.00000000 -0.03988813 -0.01952321 -0.01379792 -0.01532539 0.02361749 0.04332412
131.00000000 -0.04090528 -0.01263516 -0.01332562 -0.02075473 0.02191953 0.03878963
132.00000000 -0.04172502 -0.00551571 -0.01230850 -0.02551328 0.01970171 0.03304384
133.00000000 -0.04234961 0.00164483 -0.01079666 -0.02947614 0.01702642 0.02629336
134.00000000 -0.04278195 0.00865777 -0.00885983 -0.03254261 0.01396648 0.01877473
135.00000000 -0.04302557 0.01534093 -0.00658427 -0.03463872 0.01060312 0.01074626
136.00000000 -0.04308462 0.02152330 -0.00406894 -0.03571896 0.00702394 0.00247934
137.00000000 -0.04296383 0.02704938 -0.00142126 -0.03576714 0.00332064 -0.00575069
138.00000000 -0.04266845 0.03178300 0.00124741 -0.03479645 -0.00041330 -0.01367354
139.00000000 -0.04220426 0.03561062 0.00382642 -0.03284872 -0.00408494 -0.02103277
140.00000000 -0.04157754 0.03844402 0.00621040 -0.02999283 -0.00760413 -0.02759399
141.00000000 -0.04079499 0.04022225 0.00830347 -0.02632241 -0.01088573 -0.03315223
142.00000000 -0.03986374 0.04091286 0.01002310 -0.02195290 -0.01385162 -0.03753827
143.00000000 -0.03879130 0.04051238 0.01130330 -0.01701794 -0.01643253 -0.04062367
144.00000000 -0.03758553 0.03904606 0.01209714 -0.01166545 -0.01856961 -0.04232446
145.00000000 -0.03625459 0.03656678 0.01237840 -0.00605317 -0.02021579 -0.04260332
146.00000000 -0.03480691 0.03315337 0.01214237 -0.00034417 -0.02133674 -0.04147014
147.00000000 -0.03325117 0.02890818 0.01140579 0.00529791 -0.02191156 -0.03898111
148.00000000 -0.03159624 0.02395409 0.01020584 0.01071345 -0.02193316 -0.03523630
149.00000000 -0.02985117 0.01843104 0.00859836 0.01575131 -0.02140820 -0.03037574
150.00000000 -0.02802511 0.01249218 0.00665529 0.02027303 -0.02035677 -0.02457438
151.00000000 -0.02612731 0.00629961 0.00446149 0.02415655 -0.01881177 -0.01803586
152.00000000 -0.02416711 0.00002009 0.00211111 0.02729950 -0.01681787 -0.01098550
153.00000000 -0.02215381 -0.00617944 -0.00029648 0.02962183 -0.01443029 -0.00366257
154.00000000 -0.02009676 -0.01213622 -0.00266080 0.03106780 -0.01171331 0.00368769
155.00000000 -0.01800520 -0.01769591 -0.00488443 0.03160729 -0.00873856 0.01082225
156.00000000 -0.01588835 -0.02271655 -0.00687702 0.03123630 -0.00558319 0.01750822
157.00000000 -0.01375527 -0.02707211 -0.00855891 0.02997679 -0.00232784 0.02353036
158.00000000 -0.01161491 -0.03065563 -0.00986428 0.02787569 0.00094535 0.02869800
159.00000000 -0.00947602 -0.03338183 -0.01074372 0.02500334 0.00415478 0.03285097
160.00000000 -0.00734717 -0.03518904 -0.01116604 0.02145115 0.00722145 0.03586451
161.00000000 -0.00523669 -0.03604059 -0.01111936 0.01732878 0.01007083 0.03765295
162.00000000 -0.00315264 -0.03592546 -0.01061137 0.01276082 0.01263468 0.03817205
163.00000000 -0.00110284 -0.03485828 -0.00966872 0.00788305 0.01485264 0.03741999
164.00000000 0.00090523 -0.03287863 -0.00833578 0.00283849 0.01667368 0.03543689
165.00000000 0.00286441 -0.03004973 -0.00667252 -0.00222680 0.01805717 0.03230304
166.00000000 0.00476786 -0.02645649 -0.00475187 -0.00716785 0.01897384 0.02813575
167.00000000 0.00660913 -0.02220302 -0.00265657 -0.01184494 0.01940635 0.02308508
168.00000000 0.00838214 -0.01740968 -0.00047562 -0.01612749 0.01934956 0.01732849
169.00000000 0.01008121 -0.01220972 0.00169950 -0.01989767 0.01881053 0.01106469
170.00000000 0.01170105 -0.00674561 0.00377859 -0.02305361 0.01780825 0.00450687
171.00000000 0.01323683 -0.00116521 0.00567650 -0.02551214 0.01637294 -0.00212452
172.00000000 0.01468410 0.00438225 0.00731653 -0.02721091 0.01454528 -0.00860912
173.00000000 0.01603889 0.00975004 0.00863358 -0.02810997 0.01237521 -0.01473393
174.00000000 0.01729765 0.01479787 0.00957667 -0.02819265 0.00992062 -0.02030021
175.00000000 0.01845730 0.01939542 0.01011089 -0.02746577 0.00724582 -0.02512993
176.00000000 0.01951518 0.02342577 0.01021867 -0.02595919 0.00441990 -0.02907140
177.00000000 0.02046913 0.02678826 0.00990032 -0.02372471 0.00151491 -0.03200396
178.00000000 0.02131739 0.02940105 0.00917382 -0.02083436 -0.00139589 -0.03384166
179.00000000 0.02205870 0.03120299 0.00807385 -0.01737814 -0.00423993 -0.03453570
180.00000000 0.02269222 0.03215511 0.00665023 -0.01346122 -0.00694706 -0.03407562
181.00000000 0.02321755 0.03224133 0.00496563 -0.00920083 -0.00945130 -0.03248926
182.00000000 0.02363474 0.03146871 0.00309287 -0.00472274 -0.01169243 -0.02984144
183.00000000 0.02394425 0.02986698 0.00111178 -0.00015760 -0.01361740 -0.02623138
184.00000000 0.02414697 0.02748751 -0.00089417 0.00436282 -0.01518161 -0.02178908
185.00000000 0.02424420 0.02440177 -0.00284138 0.00870943 -0.01634987 -0.01667073
186.00000000 0.02423761 0.02069918 -0.00464957 0.01275948 -0.01709725 -0.01105321
187.00000000 0.02412928 0.01648459 -0.00624509 0.01639998 -0.01740953 -0.00512809
188.00000000 0.02392162 0.01187534 -0.00756390 0.01953084 -0.01728346 0.00090491
189.00000000 0.02361741 0.00699803 -0.00855409 0.02206760 -0.01672675 0.00684454
190.00000000 0.02321977 0.00198505 -0.00917796 0.02394366 -0.01575773 0.01249476
191.00000000 0.02273210 -0.00302895 -0.00941340 0.02511205 -0.01440481 0.01767112
192.00000000 0.02215813 -0.00791066 -0.00925463 0.02554652 -0.01270567 0.02220678
193.00000000 0.02150185 -0.01253163 -0.00871231 0.02524211 -0.01070623 0.02595780
194.00000000 0.02076749 -0.01677164 -0.00781293 0.02421508 -0.00845941 0.02880772
195.00000000 0.01995953 -0.02052177 -0.00659752 0.02250223 -0.00602376 0.03067110
196.00000000 0.01908266 -0.02368719 -0.00511980 0.02015965 -0.00346197 0.03149607
197.00000000 0.01814177 -0.02618955 -0.00344388 0.01726089 -0.00083921 0.03126567
198.00000000 0.01714188 -0.02796886 -0.00164141 0.01389475 0.00177846 0.02999810
199.00000000 0.01608820 -0.02898495 0.00021138 0.01016252 0.00432574 0.02774578
200.00000000 0.01498603 -0.02921829 0.00203695 0.00617500 0.00673975 0.02459323
201.00000000 0.01384079 -0.02867034 0.00375965 0.00204924 0.00896154 0.02065399
202.00000000 0.01265796 -0.02736330 0.00530884 -0.00209489 0.01093752 0.01606661
203.00000000 0.01144308 -0.02533933 0.00662180 -0.00613817 0.01262073 0.01098974
204.00000000 0.01020173 -0.02265925 0.00764622 -0.00996539 0.01397198 0.00559675
205.00000000 0.00893948 -0.01940070 0.00834228 -0.01346868 0.01496072 0.00006985
206.00000000 0.00766191 -0.01565599 0.00868422 -0.01655046 0.01556573 -0.00540611
207.00000000 0.00637453 -0.01152947 0.00866120 -0.01912618 0.01577555 -0.01064968
208.00000000 0.00508284 -0.00713465 0.00827767 -0.02112663 0.01558868 -0.01548888
209.00000000 0.00379222 -0.00259111 0.00755303 -0.02249974 0.01501353 -0.01976675
210.00000000 0.00250798 0.00197873 0.00652066 -0.02321196 0.01406812 -0.02334645
211.00000000 0.00123531 0.00645288 0.00522642 -0.02324900 0.01277951 -0.02611558
212.00000000 -0.00002074 0.01071304 0.00372662 -0.02261610 0.01118310 -0.02798970
213.00000000 -0.00125527 0.01464768 0.00208560 -0.02133769 0.00932161 -0.02891484
214.00000000 -0.00246356 0.01815496 0.00037295 -0.01945652 0.00724400 -0.02886906
215.00000000 -0.00364105 0.02114534 -0.00133937 -0.01703225 0.00500416 -0.02786284
216.00000000 -0.00478340 0.02354384 -0.00298012 -0.01413959 0.00265953 -0.02593844
217.00000000 -0.00588647 0.02529193 -0.00448166 -0.01086605 0.00026967 -0.02316823
218.00000000 -0.00694637 0.02634889 -0.00578276 -0.00730928 -0.00210529 -0.01965202
219.00000000 -0.00795942 0.02669279 -0.00683108 -0.00357418 -0.00440615 -0.01551347
220.00000000 -0.00892222 0.02632085 -0.00758528 0.00023015 -0.00657604 -0.01089582
221.00000000 -0.00983158 0.02524940 -0.00801661 0.00399359 -0.00856192 -0.00595691
222.00000000 -0.01068464 0.02351322 -0.00811002 0.00760820 -0.01031577 -0.00086388
223.00000000 -0.01147877 0.02116451 -0.00786462 0.01097124 -0.01179581 0.00421252
224.00000000 -0.01221163 0.01827132 -0.00729366 0.01398813 -0.01296746 0.00910360
225.00000000 -0.01288117 0.01491557 -0.00642378 0.01657505 -0.01380412 0.01364829
226.00000000 -0.01348564 0.01119085 -0.00529384 0.01866130 -0.01428782 0.01769847
227.00000000 -0.01402357 0.00719970 -0.00395318 0.02019116 -0.01440953 0.02112372
228.00000000 -0.01449377 0.00305093 -0.00245945 0.02112544 -0.01416934 0.02381552
229.00000000 -0.01489537 -0.00114343 -0.00087620 0.02144236 -0.01357638 0.02569070
230.00000000 -0.01522777 -0.00527107 0.00072986 0.02113814 -0.01264851 0.02669389
231.00000000 -0.01549069 -0.00922242 0.00229165 0.02022686 -0.01141181 0.02679922
232.00000000 -0.01568410 -0.01289353 0.00374452 0.01873997 -0.00989983 0.02601086
233.00000000 -0.01580828 -0.01618882 0.00502887 0.01672521 -0.00815272 0.02436268
234.00000000 -0.01586377 -0.01902352 0.00609265 0.01424509 -0.00621618 0.02191682
235.00000000 -0.01585140 -0.02132584 0.00689342 0.01137501 -0.00414023 0.01876143
236.00000000 -0.01577226 -0.02303878 0.00740004 0.00820095 -0.00197797 0.01500751
237.00000000 -0.01562767 -0.02412155 0.00759389 0.00481693 0.00021579 0.01078502
238.00000000 -0.01541924 -0.02455048 0.00746951 0.00132221 0.00238590 0.00623845
239.00000000 -0.01514877 -0.02431953 0.00703474 -0.00218154 0.00447828 0.00152182
240.00000000 -0.01481833 -0.02344031 0.00631026 -0.00559328 0.00644120 -0.00320642
241.00000000 -0.01443018 -0.02194162 0.00532866 -0.00881540 0.00822663 -0.00778875
242.00000000 -0.01398678 -0.01986855 0.00413295 -0.01175657 0.00979133 -0.01207383
243.00000000 -0.01349079 -0.01728114 0.00277470 -0.01433430 0.01109796 -0.01592138
244.00000000 -0.01294505 -0.01425268 0.00131185 -0.01647723 0.01211591 -0.01920687
245.00000000 -0.01235254 -0.01086761 -0.00019382 -0.01812708 0.01282204 -0.02182544
246.00000000 -0.01171641 -0.00721922 -0.00167920 -0.01924026 0.01320118 -0.02369528
247.00000000 -0.01103994 -0.00340708 -0.00308257 -0.01978898 0.01324648 -0.02476015
248.00000000 -0.01032653 0.00046566 -0.00434611 -0.01976195 0.01295945 -0.02499104
249.00000000 -0.00957966 0.00429506 -0.00541827 -0.01916453 0.01234994 -0.02438691
250.00000000 -0.00880292 0.00797916 -0.00625591 -0.01801848 0.01143574 -0.02297452
251.00000000 -0.00799998 0.01142066 -0.00682597 -0.01636120 0.01024215 -0.02080733
252.00000000 -0.00717453 0.01452953 -0.00710681 -0.01424454 0.00880124 -0.01796349
253.00000000 -0.00633034 0.01722528 -0.00708902 -0.01173316 0.00715102 -0.01454305
254.00000000 -0.00547118 0.01943910 -0.00677567 -0.00890260 0.00533443 -0.01066446
255.00000000 -0.00460084 0.02111558 -0.00618214 -0.00583702 0.00339825 -0.00646053
256.00000000 -0.00372310 0.02221407 -0.00533535 -0.00262670 0.00139187 -0.00207385
257.00000000 -0.00284171 0.02270966 -0.00427256 0.00063461 -0.00063392 0.00234802
258.00000000 -0.00196040 0.02259376 -0.00303975 0.00385241 -0.00262827 0.00665746
259.00000000 -0.00108283 0.02187412 -0.00168962 0.00693415 -0.00454147 0.01071175
260.00000000 -0.00021262 0.02057461 -0.00027935 0.00979195 -0.00632623 0.01437772
261.00000000 0.00064671 0.01873435 0.00113181 0.01234503 -0.00793884 0.01753619
262.00000000 0.00149173 0.01640665 0.00248502 0.01452200 -0.00934021 0.02008573
263.00000000 0.00231911 0.01365742 0.00372429 0.01626287 -0.01049685 0.02194600
264.00000000 0.00312562 0.01056333 0.00479883 0.01752066 -0.01138163 0.02306018
265.00000000 0.00390820 0.00720969 0.00566506 0.01826270 -0.01197442 0.02339674
266.00000000 0.00466389 0.00368811 0.00628844 0.01847141 -0.01226255 0.02295029
267.00000000 0.00538990 0.00009403 0.00664479 0.01814473 -0.01224106 0.02174153
268.00000000 0.00608359 -0.00347591 0.00672123 0.01729608 -0.01191280 0.01981643
269.00000000 0.00674249 -0.00692641 0.00651666 0.01595382 -0.01128823 0.01724445
270.00000000 0.00736430 -0.01016607 0.00604168 0.01416033 -0.01038519 0.01411610
271.00000000 0.00794692 -0.01310977 0.00531809 0.01197073 -0.00922833 0.01053977
272.00000000 0.00848841 -0.01568094 0.00437788 0.00945114 -0.00784848 0.00663796
273.00000000 0.00898706 -0.01781351 0.00326186 0.00667673 -0.00628184 0.00254313
274.00000000 0.00944132 -0.01945360 0.00201784 0.00372949 -0.00456899 -0.00160678
275.00000000 0.00984987 -0.02056090 0.00069864 0.00069579 -0.00275392 -0.00567301
276.00000000 0.01021159 -0.02110962 -0.00064019 -0.00233612 -0.00088283 -0.00952058
277.00000000 0.01052555 -0.02108907 -0.00194266 -0.00527867 0.00099701 -0.01302276
278.00000000 0.01079105 -0.02050388 -0.00315470 -0.00804749 0.00283842 -0.01606524
279.00000000 0.01100759 -0.01937371 -0.00422642 -0.01056384 0.00459554 -0.01854985
280.00000000 0.01117488 -0.01773268 -0.00511411 -0.01275682 0.00622494 -0.02039768
281.00000000 0.01129283 -0.01562831 -0.00578204 -0.01456534 0.00768669 -0.02155163
282.00000000 0.01136156 -0.01312017 -0.00620392 -0.01593988 0.00894534 -0.02197811
283.00000000 0.01138140 -0.01027822 -0.00636388 -0.01684376 0.00997078 -0.02166802
284.00000000 0.01135286 -0.00718084 -0.00625709 -0.01725417 0.01073893 -0.02063686
285.00000000 0.01127664 -0.00391272 -0.00588987 -0.01716269 0.01123235 -0.01892407
286.00000000 0.01115367 -0.00056252 -0.00527936 -0.01657546 0.01144057 -0.01659152
287.00000000 0.01098500 0.00277954 -0.00445272 -0.01551288 0.01136034 -0.01372132
288.00000000 0.01077191 0.00602405 -0.00344593 -0.01400895 0.01099567 -0.01041294
289.00000000 0.01051582 0.00908482 -0.00230224 -0.01211017 0.01035765 -0.00677975
290.00000000 0.01021832 0.01188120 -0.00107031 -0.00987414 0.00946414 -0.00294518
291.00000000 0.00988113 0.01434011 0.00019786 -0.00736779 0.00833929 0.00096144
292.00000000 0.00950616 0.01639804 0.00144911 -0.00466541 0.00701286 0.00480931
293.00000000 0.00909540 0.01800260 0.00263135 -0.00184646 0.00551947 0.00847045
294.00000000 0.00865101 0.01911391 0.00369572 0.00100680 0.00389768 0.01182397
295.00000000 0.00817523 0.01970552 0.00459861 0.00381164 0.00218902 0.01476006
296.00000000 0.00767042 0.01976508 0.00530343 0.00648730 0.00043690 0.01718355
297.00000000 0.00713904 0.01929457 0.00578210 0.00895729 -0.00131447 0.01901703
298.00000000 0.00658360 0.01831012 0.00601617 0.01115156 -0.00302118 0.02020326
299.00000000 0.00600673 0.01684150 0.00599749 0.01300852 -0.00464074 0.02070697
300.00000000 0.00541106 0.01493125 0.00572854 0.01447671 -0.00613311 0.02051589
301.00000000 0.00479932 0.01263345 0.00522219 0.01551623 -0.00746174 0.01964098
302.00000000 0.00417425 0.01001218 0.00450115 0.01609987 -0.00859437 0.01811596
303.00000000 0.00353860 0.00713976 0.00359692 0.01621374 -0.00950390 0.01599600
304.00000000 0.00289517 0.00409478 0.00254843 0.01585762 -0.01016897 0.01335575
305.00000000 0.00224673 0.00095990 0.00140040 0.01504488 -0.01057451 0.01028673
306.00000000 0.00159605 -0.00218030 0.00020138 0.01380199 -0.01071203 0.00689416
307.00000000 0.00094588 -0.00524170 -0.00099825 0.01216771 -0.01057982 0.00329337
308.00000000 0.00029893 -0.00814280 -0.00214842 0.01019181 -0.01018293 -0.00039410
309.00000000 -0.00034212 -0.01080690 -0.00320145 0.00793366 -0.00953303 -0.00404462
310.00000000 -0.00097466 -0.01316418 -0.00411400 0.00546040 -0.00864802 -0.00753656
311.00000000 -0.00159613 -0.01515343 -0.00484891 0.00284493 -0.00755161 -0.01075438
312.00000000 -0.00220406 -0.01672372 -0.00537661 0.00016383 -0.00627264 -0.01359242
313.00000000 -0.00279604 -0.01783563 -0.00567642 -0.00250493 -0.00484435 -0.01595836
314.00000000 -0.00336977 -0.01846228 -0.00573726 -0.00508422 -0.00330350 -0.01777621
315.00000000 -0.00392306 -0.01858994 -0.00555812 -0.00749998 -0.00168946 -0.01898875
316.00000000 -0.00445380 -0.01821833 -0.00514798 -0.00968336 -0.00004316 -0.01955933
317.00000000 -0.00496001 -0.01736055 -0.00452542 -0.01157264 0.00159390 -0.01947293
318.00000000 -0.00543985 -0.01604262 -0.00371776 -0.01311501 0.00318072 -0.01873654
319.00000000 -0.00589158 -0.01430272 -0.00275989 -0.01426800 0.00467781 -0.01737883
320.00000000 -0.00631360 -0.01219010 -0.00169271 -0.01500067 0.00604817 -0.01544900
321.00000000 -0.00670448 -0.00976369 -0.00056147 -0.01529444 0.00725821 -0.01301502
322.00000000 -0.00706291 -0.00709044 0.00058621 -0.01514352 0.00827858 -0.01016129
323.00000000 -0.00738771 -0.00424352 0.00170233 -0.01455502 0.00908483 -0.00698570
324.00000000 -0.00767790 -0.00130030 0.00274047 -0.01354865 0.00965807 -0.00359626
325.00000000 -0.00793260 0.00165976 0.00365777 -0.01215612 0.00998534 -0.00010745
326.00000000 -0.00815113 0.00455723 0.00441668 -0.01042007 0.01005992 0.00336360
327.00000000 -0.00833295 0.00731481 0.00498648 -0.00839285 0.00988149 0.00670111
328.00000000 -0.00847768 0.00985945 0.00534453 -0.00613489 0.00945606 0.00979441
329.00000000 -0.00858509 0.01212423 0.00547717 -0.00371295 0.00879578 0.01254170
330.00000000 -0.00865511 0.01405013 0.00538022 -0.00119812 0.00791865 0.01485332
331.00000000 -0.00868784 0.01558756 0.00505912 0.00133626 0.00684798 0.01665469
332.00000000 -0.00868351 0.01669765 0.00452862 0.00381669 0.00561178 0.01788871
333.00000000 -0.00864252 0.01735318 0.00381213 0.00617172 0.00424206 0.01851757
334.00000000 -0.00856542 0.01753929 0.00294068 0.00833391 0.00277400 0.01852388
335.00000000 -0.00845290 0.01725378 0.00195158 0.01024182 0.00124500 0.01791113
336.00000000 -0.00830577 0.01650710 0.00088683 0.01184172 -0.00030621 0.01670346
337.00000000 -0.00812500 0.01532199 -0.00020866 0.01308913 -0.00184057 0.01494474
338.00000000 -0.00791169 0.01373281 -0.00128895 0.01394999 -0.00331968 0.01269695
339.00000000 -0.00766705 0.01178454 -0.00230903 0.01440168 -0.00470674 0.01003806
340.00000000 -0.00739241 0.00953151 -0.00322666 0.01443350 -0.00596749 0.00705930
341.00000000 -0.00708923 0.00703592 -0.00400411 0.01404699 -0.00707104 0.00386203
342.00000000 -0.00675906 0.00436609 -0.00460973 0.01325578 -0.00799059 0.00055434
343.00000000 -0.00640353 0.00159462 -0.00501924 0.01208513 -0.00870414 -0.00275264
344.00000000 -0.00602440 -0.00120358 -0.00521668 0.01057113 -0.00919498 -0.00594845
345.00000000 -0.00562348 -0.00395333 -0.00519501 0.00875961 -0.00945207 -0.00892695
346.00000000 -0.00520265 -0.00658116 -0.00495642 0.00670475 -0.00947030 -0.01158990
347.00000000 -0.00476388 -0.00901731 -0.00451212 0.00446744 -0.00925060 -0.01385015
348.00000000 -0.00430918 -0.01119755 -0.00388184 0.00211351 -0.00879982 -0.01563450
349.00000000 -0.00384060 -0.01306486 -0.00309297 -0.00028820 -0.00813061 -0.01688605
350.00000000 -0.00336024 -0.01457095 -0.00217937 -0.00266785 -0.00726101 -0.01756602
351.00000000 -0.00287022 -0.01567747 -0.00117990 -0.00495668 -0.00621397 -0.01765495
352.00000000 -0.00237270 -0.01635700 -0.00013680 -0.00708889 -0.00501678 -0.01715321
353.00000000 -0.00186983 -0.01659374 0.00090612 -0.00900362 -0.00370034 -0.01608092
354.00000000 -0.00136376 -0.01638382 0.00190531 -0.01064663 -0.00229835 -0.01447710
355.00000000 -0.00085665 -0.01573538 0.00281926 -0.01197188 -0.00084650 -0.01239833
356.00000000 -0.00035063 -0.01466827 0.00361029 -0.01294275 0.00061850 -0.00991675
357.00000000 0.00015218 -0.01321344 0.00424604 -0.01353310 0.00205980 -0.00711751
358.00000000 0.00064972 -0.01141208 0.00470083 -0.01372795 0.00344135 -0.00409593
359.00000000 0.00113994 -0.00931442 0.00495665 -0.01352386 0.00472881 -0.00095422
360.00000000 0.00162085 -0.00697838 0.00500394 -0.01292894 0.00589036 0.00220199
361.00000000 0.00209053 -0.00446794 0.00484187 -0.01196258 0.00689756 0.00526713
362.00000000 0.00254711 -0.00185139 0.00447836 -0.01065484 0.00772597 0.00813928
363.00000000 0.00298880 0.00080047 0.00392971 -0.00904546 0.00835576 0.01072353
364.00000000 0.00341387 0.00341632 0.00321986 -0.00718273 0.00877222 0.01293507
365.00000000 0.00382070 0.00592619 0.00237934 -0.00512198 0.00896606 0.01470205
366.00000000 0.00420776 0.00826330 0.00144397 -0.00292401 0.00893362 0.01596783
367.00000000 0.00457358 0.01036589 0.00045335 -0.00065324 0.00867693 0.01669284
368.00000000 0.00491683 0.01217883 -0.00055084 0.00162415 0.00820367 0.01685578
369.00000000 0.00523628 0.01365504 -0.00152657 0.00384214 0.00752688 0.01645424
370.00000000 0.00553079 0.01475672 -0.00243323 0.00593679 0.00666465 0.01550469
371.00000000 0.00579936 0.01545632 -0.00323332 0.00784807 0.00563963 0.01404181
372.00000000 0.00604109 0.01573723 -0.00389399 0.00952158 0.00447841 0.01211725
373.00000000 0.00625519 0.01559415 -0.00438838 0.01091011 0.00321089 0.00979780
374.00000000 0.00644102 0.01503317 -0.00469672 0.01197494 0.00186945 0.00716311
375.00000000 0.00659804 0.01407157 -0.00480712 0.01268693 0.00048818 0.00430290
376.00000000 0.00672586 0.01273727 -0.00471602 0.01302733 -0.00089804 0.00131399
377.00000000 0.00682418 0.01106806 -0.00442830 0.01298824 -0.00225437 -0.00170304
378.00000000 0.00689284 0.00911048 -0.00395702 0.01257280 -0.00354691 -0.00464719
379.00000000 0.00693183 0.00691858 -0.00332283 0.01179502 -0.00474355 -0.00742044
380.00000000 0.00694123 0.00455242 -0.00255309 0.01067935 -0.00581473 -0.00993097
381.00000000 0.00692125 0.00207641 -0.00168067 0.00925989 -0.00673422 -0.01209623
382.00000000 0.00687224 -0.00044243 -0.00074257 0.00757936 -0.00747971 -0.01384566
383.00000000 0.00679463 -0.00293628 0.00022168 0.00568783 -0.00803339 -0.01512294
384.00000000 0.00668901 -0.00533835 0.00117166 0.00364122 -0.00838235 -0.01588782
385.00000000 0.00655606 -0.00758463 0.00206774 0.00149963 -0.00851889 -0.01611738
386.00000000 0.00639655 -0.00961565 0.00287275 -0.00067436 -0.00844068 -0.01580673
387.00000000 0.00621139 -0.01137799 0.00355354 -0.00281757 -0.00815078 -0.01496903
388.00000000 0.00600156 -0.01282575 0.00408229 -0.00486806 -0.00765757 -0.01363500
389.00000000 0.00576815 -0.01392168 0.00443769 -0.00676685 -0.00697446 -0.01185179
390.00000000 0.00551233 -0.01463815 0.00460577 -0.00845969 -0.00611960 -0.00968132
391.00000000 0.00523537 -0.01495788 0.00458048 -0.00989856 -0.00511531 -0.00719812
392.00000000 0.00493860 -0.01487429 0.00436385 -0.01104305 -0.00398760 -0.00448682
393.00000000 0.00462343 -0.01439168 0.00396591 -0.01186147 -0.00276539 -0.00163922
394.00000000 0.00429133 -0.01352501 0.00340421 -0.01233175 -0.00147987 0.00124878
395.00000000 0.00394383 -0.01229951 0.00270304 -0.01244202 -0.00016365 0.00408041
396.00000000 0.00358252 -0.01074985 0.00189242 -0.01219090 0.00115007 0.00676128
397.00000000 0.00320901 -0.00891928 0.00100678 -0.01158748 0.00242830 0.00920251
398.00000000 0.00282499 -0.00685834 0.00008349 -0.01065102 0.00363911 0.01132367
399.00000000 0.00243213 -0.00462351 -0.00083867 -0.00941033 0.00475243 0.01305544
400.00000000 0.00203216 -0.00227564 -0.00172116 -0.00790291 0.00574078 0.01434186
401.00000000 0.00162682 0.00012166 -0.00252730 -0.00617377 0.00657995 0.01514213
402.00000000 0.00121784 0.00250380 -0.00322379 -0.00427416 0.00724961 0.01543190
403.00000000 0.00080697 0.00480689 -0.00378205 -0.00225999 0.00773377 0.01520401
404.00000000 0.00039594 0.00696950 -0.00417944 -0.00019022 0.00802119 0.01446865
405.00000000 -0.00001351 0.00893425 -0.00440015 0.00187487 0.00810562 0.01325289
406.00000000 -0.00041969 0.01064937 -0.00443582 0.00387542 0.00798594 0.01159977
407.00000000 -0.00082092 0.01207003 -0.00428586 0.00575374 0.00766614 0.00956671
408.00000000 -0.00121556 0.01315953 -0.00395747 0.00745598 0.00715524 0.00722355
409.00000000 -0.00160200 0.01389023 -0.00346523 0.00893363 0.00646701 0.00465016
410.00000000 -0.00197869 0.01424426 -0.00283051 0.01014494 0.00561959 0.00193374
411.00000000 -0.00234412 0.01421393 -0.00208054 0.01105608 0.00463505 -0.00083419
412.00000000 -0.00269686 0.01380192 -0.00124722 0.01164210 0.00353879 -0.00356080
413.00000000 -0.00303552 0.01302115 -0.00036579 0.01188755 0.00235887 -0.00615511
414.00000000 -0.00335878 0.01189434 0.00052668 0.01178698 0.00112535 -0.00853100
415.00000000 -0.00366543 0.01045342 0.00139284 0.01134495 -0.00013053 -0.01061005
416.00000000 -0.00395429 0.00873859 0.00219661 0.01057593 -0.00137710 -0.01232415
417.00000000 -0.00422429 0.00679721 0.00290468 0.00950379 -0.00258311 -0.01361774
418.00000000 -0.00447444 0.00468248 0.00348793 0.00816105 -0.00371844 -0.01444954
419.00000000 -0.00470385 0.00245203 0.00392256 0.00658796 -0.00475490 -0.01479394
420.00000000 -0.00491172 0.00016629 0.00419113 0.00483122 -0.00566693 -0.01464174
421.00000000 -0.00509733 -0.00211309 0.00428318 0.00294265 -0.00643221 -0.01400039
422.00000000 -0.00526007 -0.00432492 0.00419571 0.00097765 -0.00703219 -0.01289365
423.00000000 -0.00539944 -0.00641013 0.00393322 -0.00100643 -0.00745259 -0.01136073
424.00000000 -0.00551502 -0.00831331 0.00350751 -0.00295196 -0.00768368 -0.00945492
425.00000000 -0.00560651 -0.00998421 0.00293715 -0.00480270 -0.00772056 -0.00724172
426.00000000 -0.00567371 -0.01137904 0.00224665 -0.00650542 -0.00756319 -0.00479659
427.00000000 -0.00571650 -0.01246162 0.00146544 -0.00801141 -0.00721645 -0.00220241
428.00000000 -0.00573491 -0.01320434 0.00062659 -0.00927793 -0.00668993 0.00045335
429.00000000 -0.00572902 -0.01358883 -0.00023454 -0.01026934 -0.00599768 0.00308158
430.00000000 -0.00569904 -0.01360643 -0.00108187 -0.01095817 -0.00515789 0.00559448
431.00000000 -0.00564527 -0.01325836 -0.00188004 -0.01132585 -0.00419232 0.00790853
432.00000000 -0.00556811 -0.01255565 -0.00259590 -0.01136319 -0.00312582 0.00994724
433.00000000 -0.00546806 -0.01151882 -0.00319992 -0.01107063 -0.00198566 0.01164368
434.00000000 -0.00534570 -0.01017725 -0.00366735 -0.01045817 -0.00080082 0.01294268
435.00000000 -0.00520171 -0.00856838 -0.00397928 -0.00954505 0.00039873 0.01380261
436.00000000 -0.00503684 -0.00673663 -0.00412339 -0.00835914 0.00158276 0.01419672
437.00000000 -0.00485194 -0.00473222 -0.00409442 -0.00693607 0.00272161 0.01411394
438.00000000 -0.00464793 -0.00260980 -0.00389437 -0.00531822 0.00378685 0.01355923
439.00000000 -0.00442579 -0.00042689 -0.00353238 -0.00355339 0.00475207 0.01255328
440.00000000 -0.00418659 0.00175759 -0.00302432 -0.00169345 0.00559344 0.01113180
441.00000000 -0.00393145 0.00388496 -0.00239210 0.00020721 0.00629040 0.00934422
442.00000000 -0.00366155 0.00589832 -0.00166271 0.00209327 0.00682608 0.00725200
443.00000000 -0.00337813 0.00774410 -0.00086707 0.00391009 0.00718774 0.00492652
444.00000000 -0.00308247 0.00937348 -0.00003876 0.00560526 0.00736708 0.00244661
445.00000000 -0.00277589 0.01074366 0.00078745 0.00713016 0.00736040 -0.00010406
446.00000000 -0.00245977 0.01181899 0.00157703 0.00844131 0.00716872 -0.00263984
447.00000000 -0.00213548 0.01257190 0.00229712 0.00950162 0.00679766 -0.00507595
448.00000000 -0.00180444 0.01298359 0.00291794 0.01028146 0.00625736 -0.00733134
449.00000000 -0.00146809 0.01304452 0.00341397 0.01075944 0.00556214 -0.00933134
450.00000000 -0.00112787 0.01275462 0.00376501 0.01092303 0.00473017 -0.01101019
451.00000000 -0.00078524 0.01212322 0.00395705 0.01076889 0.00378295 -0.01231313
452.00000000 -0.00044165 0.01116879 0.00398275 0.01030288 0.00274480 -0.01319823
453.00000000 -0.00009853 0.00991841 0.00384177 0.00953991 0.00164221 -0.01363771
454.00000000 0.00024266 0.00840695 0.00354074 0.00850341 0.00050318 -0.01361883
455.00000000 0.00058053 0.00667617 0.00309294 0.00722466 -0.00064352 -0.01314424
456.00000000 0.00091367 0.00477355 0.00251776 0.00574183 -0.00176902 -0.01223182
457.00000000 0.00124072 0.00275093 0.00183979 0.00409883 -0.00284514 -0.01091400
458.00000000 0.00156036 0.00066319 0.00108783 0.00234403 -0.00384503 -0.00923664
459.00000000 0.00187129 -0.00143329 0.00029364 0.00052883 -0.00474391 -0.00725745
460.00000000 0.00217227 -0.00348216 -0.00050939 -0.00129383 -0.00551962 -0.00504395
461.00000000 0.00246210 -0.00542855 -0.00128763 -0.00307102 -0.00615319 -0.00267123
462.00000000 0.00273966 -0.00722063 -0.00200866 -0.00475139 -0.00662932 -0.00021938
463.00000000 0.00300385 -0.00881091 -0.00264258 -0.00628659 -0.00693671 0.00222924
464.00000000 0.00325367 -0.01015752 -0.00316325 -0.00763268 -0.00706837 0.00459268
465.00000000 0.00348815 -0.01122532 -0.00354938 -0.00875143 -0.00702175 0.00679223
466.00000000 0.00370642 -0.01198682 -0.00378541 -0.00961135 -0.00679877 0.00875500
467.00000000 0.00390768 -0.01242287 -0.00386212 -0.01018858 -0.00640579 0.01041630
468.00000000 0.00409119 -0.01252313 -0.00377697 -0.01046758 -0.00585342 0.01172184
469.00000000 0.00425629 -0.01228635 -0.00353422 -0.01044153 -0.00515623 0.01262945
470.00000000 0.00440243 -0.01172031 -0.00314468 -0.01011248 -0.00433234 0.01311043
471.00000000 0.00452911 -0.01084161 -0.00262527 -0.00949125 -0.00340301 0.01315051
472.00000000 0.00463592 -0.00967521 -0.00199827 -0.00859713 -0.00239203 0.01275021
473.00000000 0.00472255 -0.00825364 -0.00129033 -0.00745720 -0.00132518 0.01192478
474.00000000 0.00478877 -0.00661619 -0.00053142 -0.00610558 -0.00022950 0.01070365
475.00000000 0.00483443 -0.00480776 0.00024652 -0.00458240 0.00086735 0.00912933
476.00000000 0.00485948 -0.00287768 0.00101088 -0.00293257 0.00193780 0.00725601
477.00000000 0.00486393 -0.00087831 0.00172975 -0.00120451 0.00295503 0.00514762
478.00000000 0.00484791 0.00113633 0.00237326 0.00055131 0.00389371 0.00287570
479.00000000 0.00481161 0.00311202 0.00291481 0.00228380 0.00473056 0.00051698
480.00000000 0.00475531 0.00499584 0.00333218 0.00394279 0.00544498 -0.00184924
481.00000000 0.00467938 0.00673755 0.00360842 0.00548043 0.00601951 -0.00414375
482.00000000 0.00458426 0.00829092 0.00373259 0.00685258 0.00644028 -0.00629005
483.00000000 0.00447046 0.00961499 0.00370010 0.00802013 0.00669736 -0.00821692
484.00000000 0.00433859 0.01067511 0.00351297 0.00895001 0.00678496 -0.00986077
485.00000000 0.00418930 0.01144389 0.00317966 0.00961622 0.00670157 -0.01116776
486.00000000 0.00402334 0.01190185 0.00271471 0.01000051 0.00644999 -0.01209552
487.00000000 0.00384149 0.01203797 0.00213811 0.01009287 0.00603724 -0.01261457
488.00000000 0.00364462 0.01184990 0.00147442 0.00989183 0.00547435 -0.01270920
489.00000000 0.00343365 0.01134402 0.00075176 0.00940442 0.00477608 -0.01237797
490.00000000 0.00320955 0.01053522 0.00000059 0.00864594 0.00396054 -0.01163372
491.00000000 0.00297334 0.00944648 -0.00074755 0.00763953 0.00304871 -0.01050303
492.00000000 0.00272608 0.00810818 -0.00146139 0.00641539 0.00206390 -0.00902532
493.00000000 0.00246887 0.00655732 -0.00211121 0.00500996 0.00103117 -0.00725145
494.00000000 0.00220285 0.00483643 -0.00267010 0.00346474 -0.00002333 -0.00524199
495.00000000 0.00192919 0.00299245 -0.00311505 0.00182517 -0.00107299 -0.00306516
496.00000000 0.00164908 0.00107544 -0.00342790 0.00013922 -0.00209146 -0.00079450
497.00000000 0.00136374 -0.00086278 -0.00359611 -0.00154399 -0.00305324 0.00149363
498.00000000 0.00107437 -0.00277002 -0.00361322 -0.00317561 -0.00393439 0.00372255
499.00000000 0.00078224 -0.00459515 -0.00347912 -0.00470848 -0.00471307 0.00581791
500.00000000 0.00048856 -0.00628943 -0.00320003 -0.00609849 -0.00537012 0.00771009
501.00000000 0.00019458 -0.00780785 -0.00278819 -0.00730586 -0.00588950 0.00933656
502.00000000 -0.00009846 -0.00911029 -0.00226136 -0.00829628 -0.00625870 0.01064395
503.00000000 -0.00038936 -0.01016259 -0.00164203 -0.00904184 -0.00646903 0.01158976
504.00000000 -0.00067689 -0.01093747 -0.00095648 -0.00952188 -0.00651584 0.01214376
505.00000000 -0.00095989 -0.01141519 -0.00023363 -0.00972351 -0.00639860 0.01228896
506.00000000 -0.00123719 -0.01158407 0.00049612 -0.00964198 -0.00612090 0.01202210
507.00000000 -0.00150767 -0.01144081 0.00120224 -0.00928077 -0.00569035 0.01135376
508.00000000 -0.00177023 -0.01099046 0.00185527 -0.00865146 -0.00511838 0.01030787
509.00000000 -0.00202383 -0.01024635 0.00242812 -0.00777338 -0.00441993 0.00892093
510.00000000 -0.00226745 -0.00922963 0.00289713 -0.00667299 -0.00361305 0.00724072
511.00000000 -0.00250014 -0.00796870 0.00324310 -0.00538312 -0.00271845 0.00532461
512.00000000 -0.00272098 -0.00649840 0.00345203 -0.00394194 -0.00175898 0.00323768
513.00000000 -0.00292912 -0.00485907 0.00351572 -0.00239189 -0.00075900 0.00105045
514.00000000 -0.00312377 -0.00309544 0.00343207 -0.00077839 0.00025618 -0.00116347
515.00000000 -0.00330419 -0.00125540 0.00320515 0.00085146 0.00126097 -0.00332986
516.00000000 -0.00346970 0.00061128 0.00284501 0.00245029 0.00223016 -0.00537638
517.00000000 -0.00361970 0.00245432 0.00236722 0.00397178 0.00313951 -0.00723498
518.00000000 -0.00375366 0.00422427 0.00179223 0.00537207 0.00396638 -0.00884417
519.00000000 -0.00387110 0.00587381 0.00114447 0.00661096 0.00469030 -0.01015103
520.00000000 -0.00397162 0.00735908 0.00045130 0.00765311 0.00529347 -0.01111298
521.00000000 -0.00405491 0.00864076 -0.00025810 0.00846901 0.00576117 -0.01169914
522.00000000 -0.00412071 0.00968517 -0.00095400 0.00903583 0.00608217 -0.01189131
523.00000000 -0.00416885 0.01046516 -0.00160733 0.00933807 0.00624895 -0.01168458
524.00000000 -0.00419923 0.01096074 -0.00219094 0.00936797 0.00625791 -0.01108737
525.00000000 -0.00421182 0.01115969 -0.00268068 0.00912568 0.00610942 -0.01012119
526.00000000 -0.00420666 0.01105777 -0.00305641 0.00861929 0.00580782 -0.00881976
527.00000000 -0.00418389 0.01065887 -0.00330285 0.00786449 0.00536127 -0.00722794
528.00000000 -0.00414369 0.00997484 -0.00341019 0.00688414 0.00478154 -0.00540012
529.00000000 -0.00408632 0.00902514 -0.00337445 0.00570757 0.00408372 -0.00339839
530.00000000 -0.00401214 0.00783631 -0.00319768 0.00436967 0.00328579 -0.00129041
531.00000000 -0.00392153 0.00644121 -0.00288780 0.00290990 0.00240821 0.00085284
532.00000000 -0.00381497 0.00487812 -0.00245826 0.00137110 0.00147334 0.00295946
533.00000000 -0.00369299 0.00318971 -0.00192750 -0.00020174 0.00050489 0.00495906
534.00000000 -0.00355620 0.00142183 -0.00131810 -0.00176282 -0.00047264 0.00678510
535.00000000 -0.00340523 -0.00037769 -0.00065583 -0.00326685 -0.00143464 0.00837709
536.00000000 -0.00324081 -0.00216033 0.00003140 -0.00467038 -0.00235698 0.00968258
537.00000000 -0.00306369 -0.00387824 0.00071475 -0.00593303 -0.00321661 0.01065896
538.00000000 -0.00287468 -0.00548546 0.00136563 -0.00701863 -0.00399214 0.01127473
539.00000000 -0.00267464 -0.00693918 0.00195696 -0.00789634 -0.00466439 0.01151063
540.00000000 -0.00246446 -0.00820089 0.00246420 -0.00854143 -0.00521683 0.01136016
541.00000000 -0.00224508 -0.00923737 0.00286645 -0.00893602 -0.00563600 0.01082978
542.00000000 -0.00201747 -0.01002158 0.00314727 -0.00906958 -0.00591187 0.00993866
543.00000000 -0.00178261 -0.01053337 0.00329536 -0.00893920 -0.00603801 0.00871796
544.00000000 -0.00154154 -0.01075996 0.00330501 -0.00854962 -0.00601181 0.00720977
545.00000000 -0.00129529 -0.01069631 0.00317632 -0.00791311 -0.00583448 0.00546564
546.00000000 -0.00104492 -0.01034520 0.00291519 -0.00704906 -0.00551103 0.00354483
547.00000000 -0.00079150 -0.00971711 0.00253302 -0.00598339 -0.00505014 0.00151230
548.00000000 -0.00053610 -0.00882995 0.00204624 -0.00474779 -0.00446389 -0.00056348
549.00000000 -0.00027980 -0.00770851 0.00147561 -0.00337877 -0.00376748 -0.00261285
550.00000000 -0.00002368 -0.00638380 0.00084529 -0.00191655 -0.00297884 -0.00456728
551.00000000 0.00023120 -0.00489218 0.00018187 -0.00040395 -0.00211812 -0.00636167
552.00000000 0.00048377 -0.00327436 -0.00048676 0.00111492 -0.00120723 -0.00793651
553.00000000 0.00073299 -0.00157431 -0.00113263 0.00259593 -0.00026927 -0.00923987
554.00000000 0.00097784 0.00016196 -0.00172879 0.00399620 0.00067207 -0.01022909
555.00000000 0.00121732 0.00188763 -0.00225047 0.00527535 0.00159312 -0.01087216
556.00000000 0.00145045 0.00355633 -0.00267613 0.00639667 0.00247077 -0.01114880
557.00000000 0.00167630 0.00512340 -0.00298829 0.00732816 0.00328311 -0.01105106
558.00000000 0.00189396 0.00654705 -0.00317430 0.00804344 0.00400995 -0.01058356
559.00000000 0.00210256 0.00778951 -0.00322684 0.00852252 0.00463330 -0.00976327
560.00000000 0.00230127 0.00881802 -0.00314418 0.00875232 0.00513786 -0.00861891
561.00000000 0.00248933 0.00960567 -0.00293026 0.00872705 0.00551136 -0.00718997
562.00000000 0.00266599 0.01013214 -0.00259450 0.00844836 0.00574487 -0.00552530
563.00000000 0.00283059 0.01038420 -0.00215138 0.00792523 0.00583302 -0.00368149
564.00000000 0.00298248 0.01035605 -0.00161981 0.00717374 0.00577410 -0.00172092
565.00000000 0.00312111 0.01004942 -0.00102236 0.00621651 0.00557012 0.00029034
566.00000000 0.00324596 0.00947355 -0.00038426 0.00508208 0.00522672 0.00228478
567.00000000 0.00335659 0.00864487 0.00026767 0.00380402 0.00475302 0.00419564
568.00000000 0.00345259 0.00758656 0.00090608 0.00241995 0.00416140 0.00595925
569.00000000 0.00353366 0.00632789 0.00150432 0.00097046 0.00346715 0.00751704
570.00000000 0.00359951 0.00490341 0.00203750 -0.00050214 0.00268810 0.00881759
571.00000000 0.00364996 0.00335201 0.00248354 -0.00195497 0.00184414 0.00981823
572.00000000 0.00368487 0.00171585 0.00282408 -0.00334592 0.00095672 0.01048651
573.00000000 0.00370417 0.00003925 0.00304524 -0.00463479 0.00004831 0.01080120
574.00000000 0.00370787 -0.00163258 0.00313818 -0.00578451 -0.00085816 0.01075299
575.00000000 0.00369602 -0.00325468 0.00309946 -0.00676216 -0.00173989 0.01034477
576.00000000 0.00366875 -0.00478360 0.00293116 -0.00753993 -0.00257481 0.00959145
577.00000000 0.00362626 -0.00617854 0.00264076 -0.00809594 -0.00334206 0.00851946
578.00000000 0.00356879 -0.00740244 0.00224085 -0.00841478 -0.00402258 0.00716580
579.00000000 0.00349666 -0.00842299 0.00174853 -0.00848803 -0.00459955 0.00557677
580.00000000 0.00341025 -0.00921342 0.00118471 -0.00831440 -0.00505882 0.00380641
581.00000000 0.00330998 -0.00975328 0.00057325 -0.00789979 -0.00538924 0.00191463
582.00000000 0.00319634 -0.01002890 -0.00006012 -0.00725705 -0.00558294 -0.00003479
583.00000000 0.00306988 -0.01003377 -0.00068881 -0.00640565 -0.00563551 -0.00197638
584.00000000 0.00293118 -0.00976869 -0.00128655 -0.00537104 -0.00554612 -0.00384513
585.00000000 0.00278088 -0.00924172 -0.00182841 -0.00418389 -0.00531750 -0.00557869
586.00000000 0.00261967 -0.00846791 -0.00229192 -0.00287920 -0.00495587 -0.00711949
587.00000000 0.00244827 -0.00746892 -0.00265796 -0.00149529 -0.00447078 -0.00841655
588.00000000 0.00226745 -0.00627240 -0.00291153 -0.00007262 -0.00387486 -0.00942729
589.00000000 0.00207801 -0.00491118 -0.00304241 0.00134735 -0.00318347 -0.01011880
590.00000000 0.00188078 -0.00342245 -0.00304554 0.00272338 -0.00241433 -0.01046902
591.00000000 0.00167663 -0.00184667 -0.00292122 0.00401565 -0.00158704 -0.01046737
592.00000000 0.00146643 -0.00022653 -0.00267508 0.00518688 -0.00072261 -0.01011509
593.00000000 0.00125109 0.00139424 -0.00231783 0.00620348 0.00015708 -0.00942516
594.00000000 0.00103155 0.00297205 -0.00186480 0.00703642 0.00102986 -0.00842183
595.00000000 0.00080873 0.00446460 -0.00133526 0.00766213 0.00187379 -0.00713975
596.00000000 0.00058357 0.00583202 -0.00075163 0.00806311 0.00266774 -0.00562280
597.00000000 0.00035704 0.00703796 -0.00013852 0.00822849 0.00339191 -0.00392257
598.00000000 0.00013009 0.00805052 0.00047833 0.00815423 0.00402831 -0.00209663
599.00000000 -0.00009635 0.00884309 0.00107309 0.00784329 0.00456123 -0.00020654
600.00000000 -0.00032132 0.00939510 0.00162095 0.00730550 0.00497760 0.00168417
601.00000000 -0.00054389 0.00969249 0.00209913 0.00655724 0.00526733 0.00351217
602.00000000 -0.00076315 0.00972812 0.00248786 0.00562094 0.00542357 0.00521644
603.00000000 -0.00097820 0.00950188 0.00277116 0.00452443 0.00544281 0.00674032
604.00000000 -0.00118816 0.00902074 0.00293754 0.00330010 0.00532504 0.00803335
605.00000000 -0.00139217 0.00829847 0.00298042 0.00198393 0.00507366 0.00905299
606.00000000 -0.00158941 0.00735529 0.00289840 0.00061447 0.00469544 0.00976599
607.00000000 -0.00177910 0.00621732 0.00269533 -0.00076832 0.00420031 0.01014948
608.00000000 -0.00196047 0.00491579 0.00238012 -0.00212422 0.00360111 0.01019170
609.00000000 -0.00213281 0.00348627 0.00196631 -0.00341392 0.00291326 0.00989234
610.00000000 -0.00229544 0.00196761 0.00147155 -0.00460017 0.00215436 0.00926257
611.00000000 -0.00244772 0.00040097 0.00091681 -0.00564885 0.00134372 0.00832455
612.00000000 -0.00258908 -0.00117135 0.00032549 -0.00652993 0.00050192 0.00711071
613.00000000 -0.00271896 -0.00270703 -0.00027753 -0.00721836 -0.00034978 0.00566262
614.00000000 -0.00283688 -0.00416489 -0.00086699 -0.00769477 -0.00118991 0.00402953
615.00000000 -0.00294241 -0.00550596 -0.00141825 -0.00794601 -0.00199736 0.00226676
616.00000000 -0.00303515 -0.00669453 -0.00190839 -0.00796550 -0.00275194 0.00043377
617.00000000 -0.00311479 -0.00769914 -0.00231708 -0.00775343 -0.00343484 -0.00140782
618.00000000 -0.00318105 -0.00849334 -0.00262748 -0.00731671 -0.00402909 -0.00319628
619.00000000 -0.00323370 -0.00905645 -0.00282692 -0.00666875 -0.00452004 -0.00487188
620.00000000 -0.00327261 -0.00937407 -0.00290741 -0.00582907 -0.00489567 -0.00637885
621.00000000 -0.00329765 -0.00943844 -0.00286598 -0.00482267 -0.00514690 -0.00766726
622.00000000 -0.00330880 -0.00924865 -0.00270473 -0.00367933 -0.00526780 -0.00869466
623.00000000 -0.00330607 -0.00881061 -0.00243081 -0.00243272 -0.00525576 -0.00942746
624.00000000 -0.00328953 -0.00813690 -0.00205604 -0.00111939 -0.00511150 -0.00984206
625.00000000 -0.00325932 -0.00724641 -0.00159643 0.00022230 -0.00483907 -0.00992559
626.00000000 -0.00321561 -0.00616378 -0.00107148 0.00155326 -0.00444574 -0.00967631
627.00000000 -0.00315866 -0.00491875 -0.00050337 0.00283486 -0.00394179 -0.00910363
628.00000000 -0.00308876 -0.00354534 0.00008399 0.00403002 -0.00334024 -0.00822776
629.00000000 -0.00300626 -0.00208089 0.00066596 0.00510428 -0.00265655 -0.00707900
630.00000000 -0.00291156 -0.00056511 0.00121819 0.00602680 -0.00190817 -0.00569671
631.00000000 -0.00280510 0.00096107 0.00171768 0.00677128 -0.00111414 -0.00412793
632.00000000 -0.00268739 0.00245656 0.00214368 0.00731663 -0.00029459 -0.00242580
633.00000000 -0.00255896 0.00388121 0.00247860 0.00764765 0.00052980 -0.00064776
634.00000000 -0.00242040 0.00519692 0.00270871 0.00775538 0.00133826 0.00114639
635.00000000 -0.00227232 0.00636863 0.00282471 0.00763740 0.00211051 0.00289649
636.00000000 -0.00211540 0.00736528 0.00282210 0.00729784 0.00282722 0.00454406
637.00000000 -0.00195031 0.00816059 0.00270137 0.00674728 0.00347053 0.00603422
638.00000000 -0.00177779 0.00873380 0.00246793 0.00600236 0.00402450 0.00731755
639.00000000 -0.00159859 0.00907018 0.00213192 0.00508535 0.00447546 0.00835171
640.00000000 -0.00141348 0.00916142 0.00170772 0.00402343 0.00481239 0.00910282
641.00000000 -0.00122326 0.00900583 0.00121334 0.00284790 0.00502717 0.00954661
642.00000000 -0.00102874 0.00860836 0.00066971 0.00159328 0.00511477 0.00966917
643.00000000 -0.00083076 0.00798046 0.00009973 0.00029628 0.00507338 0.00946739
644.00000000 -0.00063015 0.00713974 -0.00047267 -0.00100528 0.00490445 0.00894905
645.00000000 -0.00042776 0.00610948 -0.00102352 -0.00227358 0.00461262 0.00813248
646.00000000 -0.00022445 0.00491798 -0.00152983 -0.00347184 0.00420562 0.00704596
647.00000000 -0.00002106 0.00359780 -0.00197055 -0.00456548 0.00369404 0.00572673
648.00000000 0.00018156 0.00218486 -0.00232744 -0.00552303 0.00309107 0.00421971
649.00000000 0.00038256 0.00071746 -0.00258582 -0.00631708 0.00241218 0.00257596
650.00000000 0.00058112 -0.00076475 -0.00273518 -0.00692506 0.00167467 0.00085096
651.00000000 0.00077641 -0.00222184 -0.00276960 -0.00732988 0.00089728 -0.00089723
652.00000000 0.00096765 -0.00361468 -0.00268799 -0.00752039 0.00009969 -0.00260999
653.00000000 0.00115404 -0.00490599 -0.00249413 -0.00749172 -0.00069795 -0.00423004
654.00000000 0.00133483 -0.00606135 -0.00219646 -0.00724536 -0.00147559 -0.00570338
655.00000000 0.00150930 -0.00705007 -0.00180778 -0.00678914 -0.00221372 -0.00698111
656.00000000 0.00167674 -0.00784606 -0.00134461 -0.00613696 -0.00289388 -0.00802102
657.00000000 0.00183648 -0.00842848 -0.00082658 -0.00530837 -0.00349914 -0.00878898
658.00000000 0.00198789 -0.00878232 -0.00027553 -0.00432797 -0.00401449 -0.00926009
659.00000000 0.00213038 -0.00889875 0.00028537 -0.00322474 -0.00442724 -0.00941948
660.00000000 0.00226338 -0.00877535 0.00083263 -0.00203108 -0.00472731 -0.00926274
661.00000000 0.00238639 -0.00841616 0.00134336 -0.00078199 -0.00490749 -0.00879608
662.00000000 0.00249893 -0.00783157 0.00179632 0.00048610 -0.00496361 -0.00803608
663.00000000 0.00260057 -0.00703799 0.00217271 0.00173625 -0.00489464 -0.00700907
664.00000000 0.00269094 -0.00605739 0.00245702 0.00293219 -0.00470267 -0.00575028
665.00000000 0.00276971 -0.00491672 0.00263761 0.00403934 -0.00439292 -0.00430257
666.00000000 0.00283660 -0.00364717 0.00270725 0.00502577 -0.00397354 -0.00271501
667.00000000 0.00289137 -0.00228327 0.00266335 0.00586319 -0.00345539 -0.00104121
668.00000000 0.00293386 -0.00086201 0.00250809 0.00652770 -0.00285182 0.00066250
669.00000000 0.00296392 0.00057819 0.00224829 0.00700051 -0.00217827 0.00233893
670.00000000 0.00298150 0.00199853 0.00189516 0.00726845 -0.00145190 0.00393202
671.00000000 0.00298656 0.00336084 0.00146374 0.00732433 -0.00069113 0.00538862
672.00000000 0.00297913 0.00462864 0.00097232 0.00716718 0.00008477 0.00666035
673.00000000 0.00295931 0.00576809 0.00044166 0.00680218 0.00085625 0.00770515
674.00000000 0.00292721 0.00674891 -0.00010592 0.00624057 0.00160391 0.00848867
675.00000000 0.00288303 0.00754517 -0.00064745 0.00549924 0.00230899 0.00898546
676.00000000 0.00282699 0.00813601 -0.00116027 0.00460027 0.00295388 0.00917970
677.00000000 0.00275938 0.00850611 -0.00162302 0.00357027 0.00352254 0.00906579
678.00000000 0.00268052 0.00864618 -0.00201647 0.00243954 0.00400087 0.00864845
679.00000000 0.00259080 0.00855312 -0.00232434 0.00124126 0.00437712 0.00794255
680.00000000 0.00249062 0.00823013 -0.00253402 0.00001044 0.00464210 0.00697261
681.00000000 0.00238045 0.00768656 -0.00263700 -0.00121705 0.00478947 0.00577188
682.00000000 0.00226078 0.00693769 -0.00262930 -0.00240553 0.00481588 0.00438129
683.00000000 0.00213215 0.00600428 -0.00251155 -0.00352059 0.00472102 0.00284797
684.00000000 0.00199513 0.00491199 -0.00228902 -0.00453002 0.00450762 0.00122373
685.00000000 0.00185032 0.00369067 -0.00197131 -0.00540480 0.00418140 -0.00043676
686.00000000 0.00169837 0.00237356 -0.00157201 -0.00611989 0.00375089 -0.00207774
687.00000000 0.00153992 0.00099639 -0.00110806 -0.00665498 0.00322725 -0.00364429
688.00000000 0.00137568 -0.00040360 -0.00059907 -0.00699502 0.00262391 -0.00508414
689.00000000 0.00120633 -0.00178868 -0.00006648 -0.00713072 0.00195628 -0.00634941
690.00000000 0.00103261 -0.00312161 0.00046734 -0.00705870 0.00124137 -0.00739821
691.00000000 0.00085526 -0.00436667 0.00098006 -0.00678168 0.00049728 -0.00819603
692.00000000 0.00067502 -0.00549061 0.00145027 -0.00630829 -0.00025716 -0.00871685
693.00000000 0.00049267 -0.00646352 0.00185841 -0.00565285 -0.00100294 -0.00894403
694.00000000 0.00030897 -0.00725967 0.00218758 -0.00483495 -0.00172131 -0.00887080
695.00000000 0.00012469 -0.00785814 0.00242422 -0.00387882 -0.00239429 -0.00850048
696.00000000 -0.00005941 -0.00824338 0.00255870 -0.00281266 -0.00300505 -0.00784632
697.00000000 -0.00024255 -0.00840564 0.00258569 -0.00166776 -0.00353842 -0.00693106
698.00000000 -0.00042397 -0.00834119 0.00250435 -0.00047763 -0.00398118 -0.00578612
699.00000000 -0.00060294 -0.00805241 0.00231840 0.00072301 -0.00432246 -0.00445052
700.00000000 -0.00077871 -0.00754772 0.00203594 0.00189923 -0.00455395 -0.00296956
701.00000000 -0.00095056 -0.00684131 0.00166905 0.00301691 -0.00467015 -0.00139326
702.00000000 -0.00111780 -0.00595277 0.00123333 0.00404372 -0.00466845 0.00022526
703.00000000 -0.00127974 -0.00490652 0.00074723 0.00495009 -0.00454924 0.00183167
704.00000000 -0.00143573 -0.00373118 0.00023123 0.00571001 -0.00431584 0.00337217
705.00000000 -0.00158515 -0.00245874 -0.00029299 0.00630180 -0.00397446 0.00479533
706.00000000 -0.00172739 -0.00112372 -0.00080345 0.00670874 -0.00353400 0.00605378
707.00000000 -0.00186190 0.00023777 -0.00127883 0.00691952 -0.00300581 0.00710584
708.00000000 -0.00198814 0.00158902 -0.00169932 0.00692857 -0.00240344 0.00791682
709.00000000 -0.00210562 0.00289369 -0.00204748 0.00673620 -0.00174225 0.00846023
710.00000000 -0.00221388 0.00411679 -0.00230894 0.00634857 -0.00103906 0.00871863
711.00000000 -0.00231251 0.00522565 -0.00247300 0.00577748 -0.00031167 0.00868414
712.00000000 -0.00240114 0.00619073 -0.00253305 0.00504006 0.00042153 0.00835875
713.00000000 -0.00247942 0.00698646 -0.00248689 0.00415822 0.00114209 0.00775418
714.00000000 -0.00254708 0.00759191 -0.00233674 0.00315798 0.00183189 0.00689147
715.00000000 -0.00260387 0.00799132 -0.00208917 0.00206875 0.00247367 0.00580025
716.00000000 -0.00264960 0.00817449 -0.00175483 0.00092245 0.00305141 0.00451773
717.00000000 -0.00268412 0.00813712 -0.00134794 -0.00024745 0.00355074 0.00308741
718.00000000 -0.00270733 0.00788082 -0.00088574 -0.00140687 0.00395933 0.00155764
719.00000000 -0.00271917 0.00741310 -0.00038774 -0.00252213 0.00426712 -0.00002004
720.00000000 -0.00271963 0.00674713 0.00012511 -0.00356095 0.00446667 -0.00159264
721.00000000 -0.00270876 0.00590139 0.00063132 -0.00449333 0.00455325 -0.00310746
722.00000000 -0.00268664 0.00489913 0.00110970 -0.00529246 0.00452499 -0.00451391
723.00000000 -0.00265341 0.00376777 0.00154031 -0.00593549 0.00438292 -0.00576515
724.00000000 -0.00260924 0.00253812 0.00190526 -0.00640415 0.00413093 -0.00681968
725.00000000 -0.00255436 0.00124354 0.00218944 -0.00668530 0.00377566 -0.00764271
726.00000000 -0.00248904 -0.00008095 0.00238119 -0.00677129 0.00332635 -0.00820730
727.00000000 -0.00241359 -0.00139961 0.00247273 -0.00666014 0.00279455 -0.00849523
728.00000000 -0.00232835 -0.00267697 0.00246050 -0.00635564 0.00219389 -0.00849761
729.00000000 -0.00223372 -0.00387876 0.00234531 -0.00586716 0.00153965 -0.00821515
730.00000000 -0.00213013 -0.00497284 0.00213226 -0.00520941 0.00084847 -0.00765810
731.00000000 -0.00201803 -0.00593006 0.00183053 -0.00440197 0.00013783 -0.00684587
732.00000000 -0.00189794 -0.00672502 0.00145299 -0.00346872 -0.00057432 -0.00580639
733.00000000 -0.00177036 -0.00733677 0.00101567 -0.00243714 -0.00127006 -0.00457509
734.00000000 -0.00163587 -0.00774934 0.00053703 -0.00133749 -0.00193193 -0.00319377
735.00000000 -0.00149505 -0.00795218 0.00003722 -0.00020191 -0.00254335 -0.00170913
736.00000000 -0.00134850 -0.00794038 -0.00046278 0.00093649 -0.00308907 -0.00017120
737.00000000 -0.00119686 -0.00771485 -0.00094203 0.00204460 -0.00355554 0.00136833
738.00000000 -0.00104077 -0.00728224 -0.00138053 0.00309028 -0.00393123 0.00285788
739.00000000 -0.00088090 -0.00665475 -0.00176003 0.00404332 -0.00420693 0.00424765
740.00000000 -0.00071793 -0.00584980 -0.00206480 0.00487626 -0.00437597 0.00549134
741.00000000 -0.00055254 -0.00488953 -0.00228229 0.00556520 -0.00443439 0.00654767
742.00000000 -0.00038544 -0.00380021 -0.00240362 0.00609050 -0.00438101 0.00738174
743.00000000 -0.00021732 -0.00261150 -0.00242397 0.00643734 -0.00421747 0.00796620
744.00000000 -0.00004888 -0.00135567 -0.00234277 0.00659611 -0.00394820 0.00828213
745.00000000 0.00011916 -0.00006671 -0.00216368 0.00656270 -0.00358024 0.00831967
746.00000000 0.00028612 0.00122062 -0.00189447 0.00633859 -0.00312313 0.00807830
747.00000000 0.00045131 0.00247165 -0.00154664 0.00593081 -0.00258861 0.00756686
748.00000000 0.00061403 0.00365281 -0.00113496 0.00535171 -0.00199034 0.00680321
749.00000000 0.00077364 0.00473249 -0.00067685 0.00461858 -0.00134355 0.00581361
750.00000000 0.00092947 0.00568191 -0.00019160 0.00375315 -0.00066465 0.00463185
751.00000000 0.00108088 0.00647586 0.00030039 0.00278092 0.00002919 0.00329802
752.00000000 0.00122728 0.00709337 0.00077853 0.00173045 0.00072046 0.00185723
753.00000000 0.00136805 0.00751829 0.00122281 0.00063248 0.00139178 0.00035806
754.00000000 0.00150264 0.00773970 0.00161475 -0.00048094 0.00202629 -0.00114909
755.00000000 0.00163052 0.00775218 0.00193806 -0.00157740 0.00260812 -0.00261370
756.00000000 0.00175116 0.00755594 0.00217939 -0.00262506 0.00312278 -0.00398680
757.00000000 0.00186411 0.00715681 0.00232886 -0.00359360 0.00355747 -0.00522260
758.00000000 0.00196890 0.00656608 0.00238045 -0.00445506 0.00390148 -0.00628006
759.00000000 0.00206514 0.00580015 0.00233226 -0.00518469 0.00414637 -0.00712420
760.00000000 0.00215246 0.00488010 0.00218658 -0.00576162 0.00428625 -0.00772729
761.00000000 0.00223051 0.00383110 0.00194975 -0.00616947 0.00431787 -0.00806976
762.00000000 0.00229902 0.00268172 0.00163194 -0.00639683 0.00424072 -0.00814081
763.00000000 0.00235773 0.00146318 0.00124666 -0.00643757 0.00405703 -0.00793878
764.00000000 0.00240642 0.00020845 0.00081021 -0.00629099 0.00377169 -0.00747114
765.00000000 0.00244494 -0.00104860 0.00034102 -0.00596183 0.00339216 -0.00675427
766.00000000 0.00247315 -0.00227413 -0.00014120 -0.00546015 0.00292824 -0.00581284
767.00000000 0.00249097 -0.00343521 -0.00061621 -0.00480098 0.00239181 -0.00467898
768.00000000 0.00249836 -0.00450078 -0.00106416 -0.00400390 0.00179658 -0.00339121
769.00000000 0.00249534 -0.00544239 -0.00146634 -0.00309243 0.00115767 -0.00199309
770.00000000 0.00248194 -0.00623501 -0.00180605 -0.00209338 0.00049129 -0.00053174
771.00000000 0.00245826 -0.00685770 -0.00206922 -0.00103602 -0.00018572 0.00094367
772.00000000 0.00242443 -0.00729413 -0.00224503 0.00004875 -0.00085630 0.00238367
773.00000000 0.00238062 -0.00753304 -0.00232634 0.00112933 -0.00150358 0.00374009
774.00000000 0.00232706 -0.00756850 -0.00230999 0.00217432 -0.00211133 0.00496768
775.00000000 0.00226399 -0.00740009 -0.00219691 0.00315341 -0.00266435 0.00602562
776.00000000 0.00219171 -0.00703287 -0.00199209 0.00403832 -0.00314886 0.00687891
777.00000000 0.00211055 -0.00647722 -0.00170432 0.00480355 -0.00355285 0.00749946
778.00000000 0.00202089 -0.00574860 -0.00134588 0.00542717 -0.00386635 0.00786708
779.00000000 0.00192311 -0.00486705 -0.00093194 0.00589140 -0.00408170 0.00797009
780.00000000 0.00181765 -0.00385672 -0.00047997 0.00618316 -0.00419374 0.00780572
781.00000000 0.00170498 -0.00274511 -0.00000899 0.00629441 -0.00419991 0.00738016
782.00000000 0.00158559 -0.00156242 0.00046123 0.00622237 -0.00410032 0.00670835
783.00000000 0.00146000 -0.00034067 0.00091103 0.00596960 -0.00389775 0.00581343
784.00000000 0.00132875 0.00088716 0.00132162 0.00554393 -0.00359756 0.00472596
785.00000000 0.00119240 0.00208800 0.00167593 0.00495815 -0.00320757 0.00348288
786.00000000 0.00105154 0.00322958 0.00195926 0.00422972 -0.00273780 0.00212625
787.00000000 0.00090676 0.00428133 0.00215995 0.00338017 -0.00220030 0.00070183
788.00000000 0.00075868 0.00521516 0.00226980 0.00243452 -0.00160877 -0.00074247
789.00000000 0.00060793 0.00600622 0.00228447 0.00142050 -0.00097822 -0.00215819
790.00000000 0.00045515 0.00663359 0.00220359 0.00036776 -0.00032464 -0.00349795
791.00000000 0.00030096 0.00708079 0.00203079 -0.00069297 0.00033547 -0.00471704
792.00000000 0.00014603 0.00733624 0.00177356 -0.00173085 0.00098546 -0.00577491
793.00000000 -0.00000902 0.00739353 0.00144290 -0.00271574 0.00160902 -0.00663650
794.00000000 -0.00016352 0.00725163 0.00105285 -0.00361916 0.00219050 -0.00727343
795.00000000 -0.00031684 0.00691486 0.00061990 -0.00441503 0.00271537 -0.00766492
796.00000000 -0.00046836 0.00639277 0.00016231 -0.00508048 0.00317056 -0.00779846
797.00000000 -0.00061744 0.00569988 -0.00030068 -0.00559649 0.00354479 -0.00767023
798.00000000 -0.00076347 0.00485528 -0.00074966 -0.00594843 0.00382885 -0.00728518
799.00000000 -0.00090586 0.00388208 -0.00116582 -0.00612649 0.00401579 -0.00665685
800.00000000 -0.00104403 0.00280680 -0.00153182 -0.00612590 0.00410117 -0.00580693
801.00000000 -0.00117742 0.00165865 -0.00183241 -0.00594715 0.00408308 -0.00476444
802.00000000 -0.00130548 0.00046871 -0.00205516 -0.00559587 0.00396224 -0.00356481
803.00000000 -0.00142771 -0.00073087 -0.00219089 -0.00508270 0.00374195 -0.00224865
804.00000000 -0.00154362 -0.00190777 -0.00223411 -0.00442297 0.00342799 -0.00086035
805.00000000 -0.00165274 -0.00303037 -0.00218319 -0.00363623 0.00302851 0.00055337
806.00000000 -0.00175464 -0.00406858 -0.00204046 -0.00274566 0.00255377 0.00194505
807.00000000 -0.00184893 -0.00499466 -0.00181209 -0.00177743 0.00201591 0.00326812
808.00000000 -0.00193523 -0.00578395 -0.00150780 -0.00075987 0.00142862 0.00447838
809.00000000 -0.00201321 -0.00641555 -0.00114046 0.00027730 0.00080681 0.00553556
810.00000000 -0.00208259 -0.00687283 -0.00072557 0.00130388 0.00016622 0.00640459
811.00000000 -0.00214308 -0.00714392 -0.00028054 0.00229004 -0.00047698 0.00705681
812.00000000 -0.00219448 -0.00722197 0.00017597 0.00320721 -0.00110659 0.00747090
813.00000000 -0.00223659 -0.00710537 0.00062489 0.00402888 -0.00170680 0.00763354
814.00000000 -0.00226928 -0.00679773 0.00104752 0.00473140 -0.00226256 0.00753993
815.00000000 -0.00229243 -0.00630779 0.00142630 0.00529463 -0.00276001 0.00719380
816.00000000 -0.00230598 -0.00564920 0.00174557 0.00570253 -0.00318675 0.00660740
817.00000000 -0.00230991 -0.00484011 0.00199218 0.00594363 -0.00353221 0.00580096
818.00000000 -0.00230422 -0.00390265 0.00215609 0.00601133 -0.00378791 0.00480205
819.00000000 -0.00228897 -0.00286240 0.00223074 0.00590406 -0.00394762 0.00364463
820.00000000 -0.00226426 -0.00174759 0.00221334 0.00562539 -0.00400756 0.00236786
821.00000000 -0.00223021 -0.00058844 0.00210494 0.00518384 -0.00396646 0.00101485
822.00000000 -0.00218700 0.00058375 0.00191043 0.00459263 -0.00382560 -0.00036887
823.00000000 -0.00213483 0.00173738 0.00163830 0.00386932 -0.00358877 -0.00173684
824.00000000 -0.00207396 0.00284144 0.00130028 0.00303528 -0.00326217 -0.00304326
825.00000000 -0.00200465 0.00386632 0.00091081 0.00211501 -0.00285423 -0.00424448
826.00000000 -0.00192722 0.00478462 0.00048651 0.00113549 -0.00237543 -0.00530048
827.00000000 -0.00184203 0.00557188 0.00004537 0.00012535 -0.00183798 -0.00617623
828.00000000 -0.00174943 0.00620720 -0.00039391 -0.00088597 -0.00125556 -0.00684280
829.00000000 -0.00164986 0.00667387 -0.00081276 -0.00186906 -0.00064294 -0.00727836
830.00000000 -0.00154373 0.00695970 -0.00119348 -0.00279539 -0.00001562 -0.00746886
831.00000000 -0.00143151 0.00705745 -0.00152002 -0.00363816 0.00061057 -0.00740851
832.00000000 -0.00131368 0.00696494 -0.00177862 -0.00437308 0.00121988 -0.00709994
833.00000000 -0.00119076 0.00668510 -0.00195839 -0.00497902 0.00179700 -0.00655408
834.00000000 -0.00106325 0.00622593 -0.00205173 -0.00543867 0.00232748 -0.00578980
835.00000000 -0.00093172 0.00560022 -0.00205471 -0.00573902 0.00279808 -0.00483324
836.00000000 -0.00079671 0.00482520 -0.00196713 -0.00587172 0.00319710 -0.00371693
837.00000000 -0.00065880 0.00392211 -0.00179261 -0.00583331 0.00351465 -0.00247867
838.00000000 -0.00051857 0.00291556 -0.00153837 -0.00562531 0.00374294 -0.00116026
839.00000000 -0.00037661 0.00183290 -0.00121493 -0.00525417 0.00387644 0.00019391
840.00000000 -0.00023351 0.00070346 -0.00083570 -0.00473108 0.00391200 0.00153837
841.00000000 -0.00008986 -0.00044224 -0.00041635 -0.00407161 0.00384896 0.00282807
842.00000000 0.00005372 -0.00157331 0.00002582 -0.00329526 0.00368916 0.00401991
843.00000000 0.00019666 -0.00265934 0.00047257 -0.00242489 0.00343683 0.00507417
844.00000000 0.00033835 -0.00367119 0.00090558 -0.00148602 0.00309854 0.00595584
845.00000000 0.00047821 -0.00458179 0.00130712 -0.00050613 0.00268303 0.00663576
846.00000000 0.00061567 -0.00536687 0.00166085 0.00048619 0.00220093 0.00709163
847.00000000 0.00075017 -0.00600558 0.00195248 0.00146207 0.00166454 0.00730868
848.00000000 0.00088115 -0.00648107 0.00217036 0.00239314 0.00108748 0.00728022
849.00000000 0.00100808 -0.00678093 0.00230598 0.00325246 0.00048439 0.00700776
850.00000000 0.00113045 -0.00689749 0.00235428 0.00401518 -0.00012950 0.00650103
851.00000000 0.00124777 -0.00682805 0.00231391 0.00465937 -0.00073871 0.00577754
852.00000000 0.00135955 -0.00657491 0.00218723 0.00516656 -0.00132790 0.00486208
853.00000000 0.00146536 -0.00614532 0.00198021 0.00552233 -0.00188229 0.00378577
854.00000000 0.00156478 -0.00555126 0.00170218 0.00571668 -0.00238801 0.00258507
855.00000000 0.00165741 -0.00480912 0.00136545 0.00574434 -0.00283244 0.00130052
856.00000000 0.00174288 -0.00393921 0.00098473 0.00560489 -0.00320453 -0.00002461
857.00000000 0.00182086 -0.00296527 0.00057656 0.00530279 -0.00349508 -0.00134581
858.00000000 0.00189105 -0.00191376 0.00015860 0.00484719 -0.00369698 -0.00261881
859.00000000 0.00195319 -0.00081317 -0.00025113 0.00425170 -0.00380533 -0.00380103
860.00000000 0.00200704 0.00030675 -0.00063500 0.00353396 -0.00381764 -0.00485306
861.00000000 0.00205239 0.00141580 -0.00097651 0.00271514 -0.00373381 -0.00573994
862.00000000 0.00208909 0.00248414 -0.00126095 0.00181927 -0.00355618 -0.00643230
863.00000000 0.00211701 0.00348310 -0.00147609 0.00087260 -0.00328944 -0.00690739
864.00000000 0.00213606 0.00438593 -0.00161258 -0.00009724 -0.00294051 -0.00714979
865.00000000 0.00214619 0.00516856 -0.00166445 -0.00106198 -0.00251837 -0.00715190
866.00000000 0.00214737 0.00581019 -0.00162927 -0.00199357 -0.00203381 -0.00691421
867.00000000 0.00213964 0.00629386 -0.00150829 -0.00286501 -0.00149918 -0.00644523
868.00000000 0.00212305 0.00660691 -0.00130635 -0.00365108 -0.00092805 -0.00576121
869.00000000 0.00209769 0.00674131 -0.00103173 -0.00432913 -0.00033489 -0.00488559
870.00000000 0.00206369 0.00669385 -0.00069573 -0.00487968 0.00026532 -0.00384813
871.00000000 0.00202122 0.00646622 -0.00031224 -0.00528701 0.00085745 -0.00268400
872.00000000 0.00197048 0.00606496 0.00010289 -0.00553960 0.00142662 -0.00143250
873.00000000 0.00191171 0.00550128 0.00053244 -0.00563047 0.00195853 -0.00013577
874.00000000 0.00184517 0.00479073 0.00095862 -0.00555734 0.00243989 0.00116260
875.00000000 0.00177116 0.00395277 0.00136377 -0.00532272 0.00285870 0.00241911
876.00000000 0.00169001 0.00301026 0.00173109 -0.00493378 0.00320454 0.00359173
877.00000000 0.00160207 0.00198881 0.00204537 -0.00440221 0.00346889 0.00464135
878.00000000 0.00150773 0.00091611 0.00229359 -0.00374378 0.00364526 0.00553307
879.00000000 0.00140740 -0.00017884 0.00246548 -0.00297793 0.00372943 0.00623738
880.00000000 0.00130151 -0.00126651 0.00255392 -0.00212718 0.00371947 0.00673109
881.00000000 0.00119052 -0.00231762 0.00255522 -0.00121646 0.00361585 0.00699814
882.00000000 0.00107490 -0.00330396 0.00246930 -0.00027240 0.00342140 0.00703012
883.00000000 0.00095514 -0.00419911 0.00229965 0.00067747 0.00314121 0.00682650
884.00000000 0.00083175 -0.00497918 0.00205319 0.00160551 0.00278254 0.00639464
885.00000000 0.00070526 -0.00562341 0.00173995 0.00248479 0.00235459 0.00574957
886.00000000 0.00057620 -0.00611478 0.00137266 0.00328983 0.00186829 0.00491341
887.00000000 0.00044510 -0.00644040 0.00096619 0.00399740 0.00133602 0.00391464
888.00000000 0.00031252 -0.00659186 0.00053694 0.00458713 0.00077128 0.00278713
889.00000000 0.00017902 -0.00656548 0.00010213 0.00504213 0.00018836 0.00156900
890.00000000 0.00004514 -0.00636238 -0.00032092 0.00534948 -0.00039801 0.00030132
891.00000000 -0.00008855 -0.00598841 -0.00071551 0.00550057 -0.00097307 -0.00097329
892.00000000 -0.00022151 -0.00545404 -0.00106626 0.00549135 -0.00152236 -0.00221203
893.00000000 -0.00035317 -0.00477400 -0.00135977 0.00532245 -0.00203212 -0.00337344
894.00000000 -0.00048301 -0.00396695 -0.00158516 0.00499914 -0.00248959 -0.00441870
895.00000000 -0.00061049 -0.00305489 -0.00173451 0.00453117 -0.00288337 -0.00531301
896.00000000 -0.00073508 -0.00206262 -0.00180321 0.00393247 -0.00320369 -0.00602667
897.00000000 -0.00085627 -0.00101704 -0.00179014 0.00322074 -0.00344266 -0.00653612
898.00000000 -0.00097359 0.00005358 -0.00169768 0.00241695 -0.00359443 -0.00682468
899.00000000 -0.00108654 0.00112035 -0.00153164 0.00154466 -0.00365537 -0.00688312
900.00000000 -0.00119467 0.00215455 -0.00130098 0.00062940 -0.00362416 -0.00670995
901.00000000 -0.00129755 0.00312841 -0.00101744 -0.00030212 -0.00350178 -0.00631141
902.00000000 -0.00139477 0.00401584 -0.00069500 -0.00122276 -0.00329153 -0.00570130
903.00000000 -0.00148593 0.00479313 -0.00034936 -0.00210577 -0.00299887 -0.00490049
904.00000000 -0.00157068 0.00543958 0.00000281 -0.00292556 -0.00263138 -0.00393617
905.00000000 -0.00164869 0.00593809 0.00034452 -0.00365842 -0.00219846 -0.00284095
906.00000000 -0.00171964 0.00627556 0.00065919 -0.00428322 -0.00171116 -0.00165175
907.00000000 -0.00178327 0.00644325 0.00093137 -0.00478205 -0.00118186 -0.00040856
908.00000000 -0.00183933 0.00643702 0.00114738 -0.00514066 -0.00062400 0.00084690
909.00000000 -0.00188760 0.00625742 0.00129588 -0.00534893 -0.00005168 0.00207264
910.00000000 -0.00192792 0.00590967 0.00136835 -0.00540114 0.00052067 0.00322772
911.00000000 -0.00196013 0.00540350 0.00135948 -0.00529611 0.00107862 0.00427369
912.00000000 -0.00198413 0.00475289 0.00126735 -0.00503724 0.00160817 0.00517584
913.00000000 -0.00199983 0.00397568 0.00109355 -0.00463240 0.00209604 0.00590437
914.00000000 -0.00200719 0.00309307 0.00084310 -0.00409368 0.00253003 0.00643537
915.00000000 -0.00200621 0.00212906 0.00052424 -0.00343705 0.00289935 0.00675162
916.00000000 -0.00199691 0.00110980 0.00014811 -0.00268186 0.00319482 0.00684313
917.00000000 -0.00197935 0.00006284 -0.00027171 -0.00185030 0.00340918 0.00670749
918.00000000 -0.00195363 -0.00098356 -0.00071980 -0.00096671 0.00353720 0.00634992
919.00000000 -0.00191988 -0.00200122 -0.00117949 -0.00005691 0.00357584 0.00578306
920.00000000 -0.00187825 -0.00296279 -0.00163357 0.00085257 0.00352433 0.00502657
921.00000000 -0.00182895 -0.00384251 -0.00206498 0.00173529 0.00338417 0.00410642
922.00000000 -0.00177219 -0.00461686 -0.00245754 0.00256563 0.00315906 0.00305403
923.00000000 -0.00170824 -0.00526521 -0.00279660 0.00331955 0.00285487 0.00190520
924.00000000 -0.00163737 -0.00577038 -0.00306962 0.00397528 0.00247943 0.00069889
925.00000000 -0.00155990 -0.00611908 -0.00326670 0.00451397 0.00204233 -0.00052409
926.00000000 -0.00147616 -0.00630225 -0.00338096 0.00492018 0.00155473 -0.00172244
927.00000000 -0.00138653 -0.00631531 -0.00340881 0.00518241 0.00102901 -0.00285575
928.00000000 -0.00129138 -0.00615828 -0.00335012 0.00529331 0.00047849 -0.00388588
929.00000000 -0.00119112 -0.00583576 -0.00320815 0.00525000 -0.00008292 -0.00477822
930.00000000 -0.00108620 -0.00535678 -0.00298944 0.00505407 -0.00064106 -0.00550283
931.00000000 -0.00097704 -0.00473458 -0.00270349 0.00471152 -0.00118188 -0.00603544
932.00000000 -0.00086412 -0.00398622 -0.00236238 0.00423266 -0.00169179 -0.00635827
933.00000000 -0.00074791 -0.00313213 -0.00198023 0.00363168 -0.00215803 -0.00646057
934.00000000 -0.00062890 -0.00219553 -0.00157261 0.00292633 -0.00256895 -0.00633902
935.00000000 -0.00050760 -0.00120182 -0.00115587 0.00213734 -0.00291432 -0.00599777
936.00000000 -0.00038451 -0.00017789 -0.00074647 0.00128785 -0.00318558 -0.00544833
937.00000000 -0.00026014 0.00084863 -0.00036029 0.00040267 -0.00337606 -0.00470915
938.00000000 -0.00013502 0.00185009 -0.00001195 -0.00049235 -0.00348114 -0.00380496
939.00000000 -0.00000967 0.00279957 0.00028580 -0.00137119 -0.00349835 -0.00276597
940.00000000 0.00011540 0.00367161 0.00052255 -0.00220831 -0.00342744 -0.00162685
941.00000000 0.00023967 0.00444290 0.00069072 -0.00297945 -0.00327040 -0.00042549
942.00000000 0.00036262 0.00509287 0.00078583 -0.00366234 -0.00303134 0.00079819
943.00000000 0.00048375 0.00560429 0.00080667 -0.00423730 -0.00271647 0.00200364
944.00000000 0.00060257 0.00596366 0.00075534 -0.00468784 -0.00233388 0.00315102
945.00000000 0.00071858 0.00616164 0.00063712 -0.00500114 -0.00189335 0.00420254
946.00000000 0.00083132 0.00619323 0.00046025 -0.00516836 -0.00140607 0.00512372
947.00000000 0.00094032 0.00605794 0.00023553 -0.00518497 -0.00088444 0.00588453
948.00000000 0.00104514 0.00575976 -0.00002412 -0.00505080 -0.00034165 0.00646040
949.00000000 0.00114536 0.00530707 -0.00030426 -0.00477010 0.00020859 0.00683302
950.00000000 0.00124058 0.00471238 -0.00058957 -0.00435133 0.00075240 0.00699096
951.00000000 0.00133041 0.00399201 -0.00086447 -0.00380698 0.00127611 0.00693000
952.00000000 0.00141451 0.00316562 -0.00111386 -0.00315316 0.00176657 0.00665331
953.00000000 0.00149252 0.00225569 -0.00132375 -0.00240914 0.00221150 0.00617126
954.00000000 0.00156415 0.00128691 -0.00148186 -0.00159674 0.00259979 0.00550113
955.00000000 0.00162912 0.00028549 -0.00157819 -0.00073976 0.00292179 0.00466644
956.00000000 0.00168717 -0.00072155 -0.00160546 0.00013675 0.00316952 0.00369622
957.00000000 0.00173808 -0.00170705 -0.00155942 0.00100727 0.00333691 0.00262396
958.00000000 0.00178166 -0.00264452 -0.00143907 0.00184644 0.00341990 0.00148653
959.00000000 0.00181774 -0.00350883 -0.00124672 0.00262992 0.00341658 0.00032287
960.00000000 0.00184621 -0.00427683 -0.00098794 0.00333501 0.00332722 -0.00082723
961.00000000 0.00186695 -0.00492805 -0.00067131 0.00394135 0.00315425 -0.00192457
962.00000000 0.00187990 -0.00544519 -0.00030811 0.00443147 0.00290219 -0.00293177
963.00000000 0.00188503 -0.00581460 0.00008812 0.00479135 0.00257757 -0.00381458
964.00000000 0.00188234 -0.00602665 0.00050215 0.00501075 0.00218869 -0.00454299
965.00000000 0.00187185 -0.00607593 0.00091768 0.00508357 0.00174549 -0.00509224
966.00000000 0.00185364 -0.00596147 0.00131797 0.00500795 0.00125925 -0.00544365
967.00000000 0.00182779 -0.00568668 0.00168653 0.00478637 0.00074229 -0.00558523
968.00000000 0.00179443 -0.00525929 0.00200782 0.00442556 0.00020770 -0.00551208
969.00000000 0.00175372 -0.00469113 0.00226786 0.00393624 -0.00033102 -0.00522651
970.00000000 0.00170584 -0.00399779 0.00245481 0.00333290 -0.00086031 -0.00473801
971.00000000 0.00165102 -0.00319820 0.00255944 0.00263327 -0.00136684 -0.00406286
972.00000000 0.00158949 -0.00231411 0.00257553 0.00185786 -0.00183791 -0.00322362
973.00000000 0.00152154 -0.00136951 0.00250009 0.00102933 -0.00226174 -0.00224833
974.00000000 0.00144744 -0.00038996 0.00233352 0.00017186 -0.00262774 -0.00116959
975.00000000 0.00136754 0.00059809 0.00207957 -0.00068961 -0.00292682 -0.00002346
976.00000000 0.00128216 0.00156801 0.00174519 -0.00153007 -0.00315158 0.00115178
977.00000000 0.00119169 0.00249372 0.00134025 -0.00232517 -0.00329651 0.00231689
978.00000000 0.00109650 0.00335037 0.00087715 -0.00305193 -0.00335813 0.00343297
979.00000000 0.00099701 0.00411503 0.00037030 -0.00368942 -0.00333506 0.00446278
980.00000000 0.00089363 0.00476731 -0.00016443 -0.00421934 -0.00322804 0.00537200
981.00000000 0.00078680 0.00528986 -0.00071037 -0.00462658 -0.00303994 0.00613031
982.00000000 0.00067697 0.00566887 -0.00125072 -0.00489961 -0.00277567 0.00671244
983.00000000 0.00056462 0.00589442 -0.00176918 -0.00503085 -0.00244204 0.00709900
984.00000000 0.00045019 0.00596076 -0.00225061 -0.00501685 -0.00204758 0.00727710
985.00000000 0.00033419 0.00586643 -0.00268161 -0.00485842 -0.00160235 0.00724076
986.00000000 0.00021708 0.00561428 -0.00305104 -0.00456055 -0.00111766 0.00699109
987.00000000 0.00009936 0.00521143 -0.00335041 -0.00413230 -0.00060581 0.00653627
988.00000000 -0.00001849 0.00466903 -0.00357418 -0.00358649 -0.00007973 0.00589120
989.00000000 -0.00013597 0.00400198 -0.00371993 -0.00293937 0.00044730 0.00507703
990.00000000 -0.00025260 0.00322850 -0.00378842 -0.00221008 0.00096200 0.00412041
991.00000000 -0.00036790 0.00236963 -0.00378345 -0.00142013 0.00145145 0.00305256
992.00000000 -0.00048140 0.00144867 -0.00371166 -0.00059278 0.00190336 0.00190828
993.00000000 -0.00059263 0.00049055 -0.00358221 0.00024770 0.00230644 0.00072470
994.00000000 -0.00070114 -0.00047883 -0.00340629 0.00107666 0.00265063 -0.00045996
995.00000000 -0.00080648 -0.00143337 -0.00319661 0.00186986 0.00292739 -0.00160763
996.00000000 -0.00090823 -0.00234736 -0.00296681 0.00260411 0.00312987 -0.00268172
997.00000000 -0.00100597 -0.00319629 -0.00273085 0.00325800 0.00325313 -0.00364834
998.00000000 -0.00109931 -0.00395741 -0.00250234 0.00381246 0.00329423 -0.00447739
999.00000000 -0.00118787 -0.00461040 -0.00229396 0.00425137 0.00325230 -0.00514364
1000.00000000 -0.00127130 -0.00513789 -0.00211687 0.00456196 0.00312856 -0.00562749
