0.0 9.237623057364266e-37
1.0002442002442002 6.106748503069307e-37
2.0004884004884005 5.961965741313901e-38
3.0007326007326007 1.6244131183585717e-38
4.000976800976801 3.959846292210189e-39
5.001221001221001 9.358416161131553e-40
6.0014652014652015 7.021210336560723e-40
7.001709401709402 8.620046189911493e-39
8.001953601953602 9.596599928655191e-39
9.002197802197802 4.1037799827538334e-39
10.002442002442002 6.9947531974762304e-40
11.002686202686203 4.113818915420057e-37
12.002930402930403 1.1237623707779852e-36
13.003174603174603 1.3162567281186776e-37
14.003418803418803 2.1555634453816534e-36
15.003663003663004 2.3137654580331226e-36
16.003907203907204 1.0297731646621998e-36
17.004151404151404 1.40021575383386e-36
18.004395604395604 1.939386288144128e-38
19.004639804639805 3.3723463426579664e-36
20.004884004884005 2.9579672783045738e-37
21.005128205128205 4.3801427176957835e-38
22.005372405372405 6.860714203680854e-38
23.005616605616606 2.5208493632708933e-38
24.005860805860806 7.507142746829511e-39
25.006105006105006 1.6686724347242033e-38
26.006349206349206 5.906570653556793e-39
27.006593406593407 1.7884797999564025e-40
28.006837606837607 1.371441972277083e-40
29.007081807081807 1.2093893498662601e-40
30.007326007326007 3.2852219066674085e-40
31.007570207570208 1.9546595563639875e-41
32.00781440781441 1.865083862577573e-40
33.008058608058604 7.246779818402273e-41
34.00830280830281 3.8064718379520535e-40
35.00854700854701 1.2243899177972313e-39
36.00879120879121 1.854108897066392e-40
37.009035409035405 6.309583257911017e-42
38.00927960927961 2.3317299803307405e-42
39.00952380952381 1.2977208753951693e-42
40.00976800976801 3.3427547531755587e-43
41.010012210012206 8.750329077995546e-44
42.01025641025641 7.766361040186821e-44
43.010500610500614 1.1519149686032714e-44
44.01074481074481 1.1589231655072492e-44
45.01098901098901 6.930034639836712e-44
46.01123321123321 1.6878438111276146e-44
47.011477411477415 1.6335526354980266e-45
48.01172161172161 3.182737429926839e-44
49.01196581196581 1.6382342848312806e-44
50.01221001221001 2.1552759906525096e-44
51.012454212454216 3.3646277307304354e-44
52.01269841269841 3.0762800861277e-44
53.01294261294261 1.8467857610524156e-44
54.01318681318681 1.2222812284483188e-44
55.01343101343102 8.091363208809761e-45
56.013675213675214 4.258793197035683e-45
57.01391941391941 6.278682526426551e-45
58.014163614163614 6.373778808061768e-45
59.01440781440782 3.340419934069021e-41
60.014652014652015 1.4634173409680827e-40
61.01489621489621 4.0346996043396857e-41
62.015140415140415 5.45300471718556e-44
63.01538461538462 5.3897449583827853e-45
64.01562881562882 5.132211808578663e-45
65.01587301587301 6.793012462921113e-45
66.01611721611721 6.801298642204835e-47
67.01636141636142 9.750673674892263e-45
68.01660561660562 2.0780310293436566e-45
69.01684981684981 3.8944523585193484e-46
70.01709401709402 6.45253415349223e-45
71.01733821733822 4.728755731450028e-45
72.01758241758242 7.837996952720708e-45
73.01782661782661 2.0663182222059407e-44
74.01807081807081 2.891596958997945e-44
75.01831501831502 3.895877775426271e-45
76.01855921855922 4.900863799650803e-46
77.01880341880342 2.0939987671272364e-46
78.01904761904763 1.1118989977740991e-44
79.01929181929182 1.2840283178777568e-44
80.01953601953602 4.0753392027107454e-45
81.01978021978022 1.96327069052932e-44
82.02002442002441 6.821916053320819e-45
83.02026862026862 1.4507408066161303e-45
84.02051282051282 6.463584171481895e-45
85.02075702075702 1.0459233011362228e-44
86.02100122100123 1.7566703745419223e-45
87.02124542124542 1.6588998250937963e-45
88.02148962148962 2.103935870155413e-45
89.02173382173382 3.7656563351786353e-45
90.02197802197801 6.832325036749115e-45
91.02222222222223 1.147698768827014e-45
92.02246642246642 1.7062260235182614e-45
93.02271062271062 6.51464087562235e-45
94.02295482295483 3.308345197852649e-45
95.02319902319903 9.937720364025218e-46
96.02344322344322 1.1661189042017603e-44
97.02368742368742 7.277610312184668e-45
98.02393162393162 9.60087779818782e-46
99.02417582417583 8.543752477279945e-45
100.02442002442002 2.0624409769163398e-44
101.02466422466422 2.792827814929199e-44
102.02490842490843 7.939976583929247e-45
103.02515262515263 2.2027149834025423e-47
104.02539682539683 4.2575358268624995e-45
105.02564102564102 4.2483682969039016e-45
106.02588522588522 1.3485192664244216e-45
107.02612942612943 7.307986077268833e-45
108.02637362637363 1.7052967972087755e-44
109.02661782661782 7.871747183522817e-45
110.02686202686203 1.8005088094748112e-45
111.02710622710623 6.039885980563314e-47
112.02735042735043 1.1216301229793981e-44
113.02759462759462 4.0621248107902834e-45
114.02783882783882 6.458314434404326e-45
115.02808302808303 2.866601851309851e-45
116.02832722832723 5.115073899523054e-45
117.02857142857142 1.8853028822554867e-44
118.02881562881564 2.1150492323082632e-44
119.02905982905983 6.545836950798164e-45
120.02930402930403 8.23097762023828e-46
121.02954822954823 1.1152064032807393e-45
122.02979242979242 1.3992974964879343e-44
123.03003663003663 3.707327308020404e-44
124.03028083028083 1.393615891422227e-44
125.03052503052503 6.5815117212373746e-46
126.03076923076924 5.294751584051964e-47
127.03101343101343 1.0201117939362374e-45
128.03125763125763 1.0577694639382149e-44
129.03150183150183 4.7805174910765523e-45
130.03174603174602 1.2706227978797287e-44
131.03199023199022 8.65970689021182e-45
132.03223443223442 1.1798284176268998e-45
133.03247863247864 4.494504160570778e-45
134.03272283272284 9.561732411152468e-45
135.03296703296704 4.134865286005445e-45
136.03321123321123 6.8379143682905894e-46
137.03345543345543 1.3075611402285294e-44
138.03369963369963 1.8526654840218408e-44
139.03394383394382 5.3101482263412996e-45
140.03418803418805 1.844000487629331e-45
141.03443223443224 2.6121281617002346e-45
142.03467643467644 1.2278201952234185e-45
143.03492063492064 1.50577131432314e-44
144.03516483516484 8.503136944806782e-45
145.03540903540903 1.2961211754592464e-47
146.03565323565323 5.774393390492765e-45
147.03589743589743 5.124720940298034e-45
148.03614163614162 9.787080318976969e-46
149.03638583638585 4.72318234602105e-47
150.03663003663004 1.6808257401287075e-45
151.03687423687424 5.655209016154651e-47
152.03711843711844 2.8779765081832857e-45
153.03736263736263 8.135318000731414e-46
154.03760683760683 2.1679475515110934e-45
155.03785103785103 2.043766122783116e-45
156.03809523809525 1.049169011815869e-45
157.03833943833945 4.240951751183598e-45
158.03858363858365 1.1984520974148592e-44
159.03882783882784 2.952144958257563e-45
160.03907203907204 4.091528917410974e-47
161.03931623931624 4.8190580147772435e-45
162.03956043956043 4.2371939943282387e-45
163.03980463980463 4.696556771295371e-45
164.04004884004883 3.168814101549809e-45
165.04029304029305 1.0045098867150272e-45
166.04053724053725 1.7869663133416593e-45
167.04078144078144 3.1537908589938094e-45
168.04102564102564 4.537365586581539e-45
169.04126984126984 8.740438824957276e-45
170.04151404151403 1.244788179858171e-44
171.04175824175823 1.2297144374124153e-44
172.04200244200246 3.7030486647571923e-45
173.04224664224665 6.446424581445279e-45
174.04249084249085 2.859240469147502e-45
175.04273504273505 1.5754832246642934e-45
176.04297924297924 4.576036699551003e-46
177.04322344322344 3.4793308329021386e-46
178.04346764346764 7.307988217751208e-46
179.04371184371183 1.7837770217909883e-45
180.04395604395603 1.2190505354318762e-45
181.04420024420025 5.111992122409734e-45
182.04444444444445 4.972656341863178e-45
183.04468864468865 6.880272127746851e-46
184.04493284493284 2.0258354672050943e-45
185.04517704517704 6.97184787776937e-45
186.04542124542124 2.2279986698184053e-46
187.04566544566543 4.051867568403573e-45
188.04590964590966 5.5499360386198153e-45
189.04615384615386 2.0644765865830528e-44
190.04639804639805 1.79838554981574e-44
191.04664224664225 9.731632452310108e-45
192.04688644688645 1.120691728894216e-44
193.04713064713064 6.220668729797618e-45
194.04737484737484 1.1393304218216266e-45
195.04761904761904 1.2997899661957993e-45
196.04786324786323 1.1778470121373104e-44
197.04810744810746 9.641001947915993e-45
198.04835164835166 1.0897710472552518e-45
199.04859584859585 7.949955209025273e-45
200.04884004884005 7.602968105261592e-45
201.04908424908425 1.2188851724086855e-44
202.04932844932844 1.568111908808699e-44
203.04957264957264 1.4600272904224277e-44
204.04981684981686 9.12039265077201e-45
205.05006105006106 7.218421710541769e-45
206.05030525030526 1.52050030933674e-44
207.05054945054945 9.108159959238284e-45
208.05079365079365 3.451192191902269e-45
209.05103785103785 4.190562888464304e-45
210.05128205128204 7.290198476031616e-45
211.05152625152624 3.6428605620303e-45
212.05177045177044 1.3095491118988823e-44
213.05201465201466 1.933082197136554e-46
214.05225885225886 4.9907492159847175e-45
215.05250305250306 3.4709811640600916e-45
216.05274725274725 3.528923589718821e-45
217.05299145299145 2.19363581749637e-44
218.05323565323565 2.2538810020543614e-44
219.05347985347984 1.4974924022127365e-45
220.05372405372407 7.638170588057043e-45
221.05396825396826 4.931298558058412e-45
222.05421245421246 5.8799183172408106e-46
223.05445665445666 1.1556044718820346e-45
224.05470085470085 8.456150723642297e-45
225.05494505494505 9.851157195768985e-45
226.05518925518925 1.5197755120572789e-44
227.05543345543344 2.233785150428744e-45
228.05567765567764 1.1502478174423687e-44
229.05592185592187 5.2122400650399285e-45
230.05616605616606 9.282553461993175e-46
231.05641025641026 5.1641167114970937e-45
232.05665445665446 9.162717043812249e-45
233.05689865689865 2.401836795527765e-45
234.05714285714285 3.0328420869581692e-46
235.05738705738705 2.479101789429316e-47
236.05763125763127 3.684129928919067e-46
237.05787545787547 1.1428669606141665e-45
238.05811965811967 1.200149909752612e-44
239.05836385836386 1.2090771870130288e-44
240.05860805860806 2.146075978194248e-45
241.05885225885226 1.7238641189187762e-44
242.05909645909645 1.8849004587630844e-44
243.05934065934065 4.600386617359204e-46
244.05958485958485 1.0898612103110209e-45
245.05982905982907 5.3791798402978315e-45
246.06007326007327 1.2460504764270363e-44
247.06031746031746 7.83923278105587e-45
248.06056166056166 7.049176178207841e-45
249.06080586080586 1.6165795093041942e-45
250.06105006105005 3.994646655421643e-44
251.06129426129425 4.553190417758775e-44
252.06153846153848 1.827286335166242e-44
253.06178266178267 5.004109694646902e-45
254.06202686202687 4.183730567710873e-45
255.06227106227107 2.1305705451708554e-45
256.06251526251526 4.496489958513563e-45
257.06275946275946 1.979486003280675e-45
258.06300366300366 2.1665559929442806e-45
259.06324786324785 1.0099965318319514e-45
260.06349206349205 2.269992961439033e-45
261.06373626373625 6.839361044062388e-45
262.06398046398044 7.603767241857408e-45
263.06422466422464 8.648560058274346e-45
264.06446886446884 3.9516914260241507e-45
265.0647130647131 4.469252138565632e-45
266.0649572649573 2.431686850016946e-44
267.0652014652015 2.1536490190525323e-44
268.0654456654457 6.532743193006807e-46
269.0656898656899 1.3148071072559849e-46
270.0659340659341 1.7623530715005302e-45
271.06617826617827 1.2422844364403568e-44
272.06642246642247 1.3465604495382489e-44
273.06666666666666 1.2267023047981059e-44
274.06691086691086 2.3239883640169804e-44
275.06715506715506 2.3201767427213023e-44
276.06739926739925 7.484189523402995e-45
277.06764346764345 4.803501002663931e-45
278.06788766788765 3.797856196996469e-45
279.06813186813184 1.0133195078935776e-44
280.0683760683761 2.7870332521985792e-45
281.0686202686203 2.247583478821812e-45
282.0688644688645 2.9015914378884984e-45
283.0691086691087 3.8495959159892894e-45
284.0693528693529 9.765585176629197e-46
285.0695970695971 3.3361172968405246e-46
286.0698412698413 6.270378891673071e-45
287.0700854700855 1.2909749960129405e-44
288.07032967032967 6.142089382261349e-45
289.07057387057387 6.268175306431061e-46
290.07081807081806 2.710046795402713e-46
291.07106227106226 1.3021141220639262e-45
292.07130647130646 9.143683962457986e-46
293.07155067155065 1.717402518771252e-45
294.07179487179485 1.1367412786173059e-45
295.07203907203905 3.8516923081888614e-46
296.07228327228324 3.3469314230894594e-45
297.0725274725275 1.5318316785667324e-44
298.0727716727717 1.0742797556697127e-44
299.0730158730159 2.954681367169738e-45
300.0732600732601 3.468552810741177e-45
301.0735042735043 4.7221381120571025e-45
302.0737484737485 4.916051096404795e-45
303.0739926739927 9.612178559873382e-46
304.0742368742369 1.929609818890005e-46
305.07448107448107 2.6469265369664344e-45
306.07472527472527 7.381665406292507e-45
307.07496947496946 5.025424116369822e-45
308.07521367521366 1.5892903590130674e-45
309.07545787545786 1.0567017904722466e-45
310.07570207570205 2.2220722253241816e-44
311.07594627594625 9.89028828390475e-44
312.0761904761905 2.894676119047851e-44
313.0764346764347 1.8555826611234447e-45
314.0766788766789 1.7259219571610407e-45
315.0769230769231 6.408338099312387e-45
316.0771672771673 5.623317447405767e-45
317.0774114774115 1.519462549220343e-44
318.0776556776557 1.426563382529957e-44
319.0778998778999 9.524352521978708e-46
320.0781440781441 3.779419269688115e-45
321.0783882783883 6.833567086620983e-45
322.07863247863247 4.0732009758713427e-45
323.07887667887667 2.6402421605841597e-45
324.07912087912086 3.593496887679936e-45
325.07936507936506 9.369080208583602e-45
326.07960927960926 1.648270096412937e-44
327.07985347985345 1.9146648658985028e-44
328.08009768009765 1.8722863408232024e-42
329.0803418803419 1.7396803623501e-41
330.0805860805861 8.54396779972257e-42
331.0808302808303 3.6432006947542857e-44
332.0810744810745 8.632040199705903e-45
333.0813186813187 4.905697829590756e-45
334.0815628815629 7.108784364812388e-45
335.0818070818071 1.2602130585638646e-43
336.0820512820513 1.2994565120565823e-43
337.0822954822955 1.2007081514455338e-44
338.0825396825397 8.736430415922997e-45
339.0827838827839 1.7851219159578075e-44
340.08302808302807 1.8536995120655615e-44
341.08327228327227 1.1958525810044969e-45
342.08351648351646 5.175689005943663e-43
343.08376068376066 7.929406873711196e-42
344.0840048840049 1.2800800368233945e-41
345.0842490842491 3.6392734630663995e-42
346.0844932844933 3.26312548747357e-42
347.0847374847375 1.8634932666795075e-41
348.0849816849817 4.764073859448162e-42
349.0852258852259 3.666538899031281e-44
350.0854700854701 1.253412873405186e-43
351.0857142857143 1.867459536980876e-42
352.0859584859585 1.505269669374244e-42
353.0862026862027 1.261901422246277e-44
354.0864468864469 2.0158299591987093e-43
355.0866910866911 3.4617363185199e-43
356.0869352869353 5.301369695837014e-44
357.08717948717947 7.864503505957799e-44
358.08742368742367 1.7583478889980203e-43
359.08766788766786 2.2507869279121424e-43
360.08791208791206 4.829246826417455e-43
361.0881562881563 7.110799836069805e-43
362.0884004884005 1.9881053585129564e-42
363.0886446886447 5.038406670887892e-42
364.0888888888889 8.205685402552979e-42
365.0891330891331 5.314916187077272e-42
366.0893772893773 2.971356061131928e-41
367.0896214896215 1.5838407521751044e-40
368.0898656898657 3.2175682938115395e-38
369.0901098901099 7.78659994556885e-38
370.0903540903541 1.1607148032823084e-38
371.0905982905983 1.5645637909297825e-40
372.0908424908425 2.2644666143945424e-41
373.0910866910867 8.938483343202509e-42
374.09133089133087 6.064071749178089e-42
375.09157509157507 5.3499767116550395e-42
376.0918192918193 4.176976075649606e-42
377.0920634920635 1.177613654815434e-42
378.0923076923077 2.305129586715637e-43
379.0925518925519 3.216143105902002e-43
380.0927960927961 1.7206062767893953e-43
381.0930402930403 1.2913146681813316e-43
382.0932844932845 3.8344361419553387e-44
383.0935286935287 2.68107500664352e-43
384.0937728937729 3.3003576228732734e-43
385.0940170940171 6.392460161551627e-44
386.0942612942613 1.962367778242099e-42
387.0945054945055 9.935359104138265e-43
388.0947496947497 1.6440979247109855e-44
389.0949938949939 5.76992961947774e-44
390.0952380952381 2.5269458715862955e-44
391.09548229548227 1.0118397572940697e-45
392.09572649572647 8.795533129090331e-45
393.0959706959707 1.5067422354775542e-44
394.0962148962149 2.561902594170001e-45
395.0964590964591 5.147818206633418e-45
396.0967032967033 9.73987605748537e-45
397.0969474969475 3.601993903839307e-44
398.0971916971917 4.926777545228816e-44
399.0974358974359 2.6080522710337155e-44
400.0976800976801 5.986339591462208e-45
401.0979242979243 6.760856947613598e-45
402.0981684981685 1.9386252718975608e-44
403.0984126984127 3.199593429568584e-44
404.0986568986569 2.271911579308433e-44
405.0989010989011 3.398524863262262e-45
406.0991452991453 6.400648149926454e-45
407.0993894993895 6.540129839229089e-45
408.0996336996337 1.0775829714073313e-44
409.0998778998779 3.4349327365409806e-44
410.1001221001221 1.8700901271244466e-44
411.1003663003663 1.2701648422133734e-44
412.1006105006105 8.76000249596947e-45
413.1008547008547 1.2846235627549425e-45
414.1010989010989 2.7351500241647037e-45
415.1013431013431 1.1817315711058295e-45
416.1015873015873 1.5753180482709521e-46
417.1018315018315 7.256254511746786e-46
418.1020757020757 1.9378854755011445e-45
419.1023199023199 2.641222071259844e-45
420.1025641025641 2.7591436403457834e-45
421.1028083028083 3.146979217738729e-45
422.1030525030525 5.335722482220364e-45
423.1032967032967 3.2192297762357276e-45
424.1035409035409 3.577260251038948e-45
425.1037851037851 2.4616005289177228e-45
426.1040293040293 1.0813917750327724e-46
427.1042735042735 3.3950982504880976e-45
428.1045177045177 1.0978441028518262e-44
429.1047619047619 6.181942633387636e-45
430.1050061050061 2.2790149246885353e-45
431.1052503052503 6.66484116024749e-45
432.1054945054945 4.1697791032207355e-45
433.1057387057387 1.5330385749960317e-45
434.1059829059829 7.660980540362378e-45
435.1062271062271 5.412808185548171e-45
436.1064713064713 6.95894146370413e-45
437.1067155067155 1.3207375050524102e-44
438.1069597069597 9.536996470698421e-45
439.1072039072039 1.0745803264130343e-44
440.10744810744814 1.0548143346395618e-44
441.10769230769233 2.7275770881858937e-45
442.10793650793653 1.6514181560291096e-45
443.1081807081807 2.3068144088171453e-44
444.1084249084249 1.6603800450494412e-44
445.1086691086691 2.9577639058949267e-46
446.1089133089133 1.364796730244789e-44
447.1091575091575 1.0813371841029925e-44
448.1094017094017 1.155122549802635e-44
449.1096459096459 1.6317986158283163e-44
450.1098901098901 7.572008903009561e-45
451.1101343101343 2.1109209429195893e-45
452.1103785103785 9.476314935131248e-47
453.1106227106227 7.520910120445661e-46
454.1108669108669 2.7423745929940207e-45
455.1111111111111 4.097716095510115e-47
456.1113553113553 2.267679615338264e-45
457.11159951159954 8.13514723747032e-46
458.11184371184373 2.673184130172104e-46
459.11208791208793 2.4489891882733558e-45
460.1123321123321 8.933581239873889e-45
461.1125763125763 1.4576368330694483e-45
462.1128205128205 6.5211252450113585e-46
463.1130647130647 1.9455473215304225e-47
464.1133089133089 3.587533289505519e-45
465.1135531135531 8.183764169487086e-45
466.1137973137973 6.804052341963559e-45
467.1140415140415 2.0515705628820116e-45
468.1142857142857 4.462637311944929e-45
469.1145299145299 1.9260318838896016e-45
470.1147741147741 2.884762527279625e-45
471.1150183150183 1.400715090581402e-44
472.11526251526254 7.841041759356685e-45
473.11550671550674 1.0776534739860592e-46
474.11575091575094 7.555548330078986e-48
475.11599511599513 9.715268210917854e-46
476.11623931623933 1.0621883258745339e-44
477.1164835164835 2.0382772034417268e-45
478.1167277167277 1.4521078921495391e-44
479.1169719169719 2.4309849938430653e-44
480.1172161172161 1.1026456249707653e-44
481.1174603174603 7.32785592335224e-45
482.1177045177045 5.447684789030336e-45
483.1179487179487 1.915581469402972e-44
484.1181929181929 2.0713700274725345e-44
485.1184371184371 3.9613966090082766e-45
486.1186813186813 1.088839075893655e-44
487.1189255189255 2.4453413188742465e-44
488.1191697191697 1.1968516812335263e-44
489.11941391941394 7.030301488948784e-45
490.11965811965814 3.394744163615133e-45
491.11990231990234 1.5329619560632909e-44
492.12014652014653 2.0316042853728851e-44
493.12039072039073 9.17034635837091e-46
494.1206349206349 3.7392701925593115e-45
495.1208791208791 1.6822356113361626e-45
496.1211233211233 5.856004457278373e-45
497.1213675213675 1.038880428465888e-44
498.1216117216117 2.438299703126098e-44
499.1218559218559 1.3488925103744189e-44
500.1221001221001 1.2355860203841035e-45
501.1223443223443 5.384845510718065e-45
502.1225885225885 2.544253841909428e-44
503.1228327228327 2.8684725006803e-44
504.12307692307695 1.8616423647251077e-44
505.12332112332115 6.978737234968542e-45
506.12356532356534 1.8278023925725816e-46
507.12380952380954 6.716067372482412e-45
508.12405372405374 7.255564745698735e-45
509.12429792429793 7.176951104031943e-45
510.12454212454213 1.1919339791211716e-44
511.1247863247863 9.5223953516738e-45
512.1250305250305 1.0952152402404853e-44
513.1252747252747 1.0229805271126072e-45
514.1255189255189 1.2284330291434042e-44
515.1257631257631 1.4706145593010648e-44
516.1260073260073 1.1573144653579429e-45
517.1262515262515 2.461965732218188e-45
518.1264957264957 3.917605695259839e-46
519.1267399267399 7.026222767224348e-45
520.1269841269841 1.1472399175359363e-44
521.1272283272283 4.029413014347726e-45
522.1274725274725 9.714330691859368e-46
523.1277167277167 1.790925313004905e-45
524.1279609279609 4.358969566363888e-45
525.1282051282051 1.3136045242763956e-44
526.1284493284493 3.7167963544407104e-45
527.1286935286935 1.3318644230555762e-44
528.1289377289377 1.7745827571652087e-44
529.129181929182 1.3941321904078583e-45
530.1294261294262 3.9964311180797954e-46
531.1296703296704 2.2723094924133596e-45
532.1299145299146 7.51705438192144e-45
533.1301587301588 2.524058262030353e-45
534.130402930403 1.4883555100350928e-44
535.1306471306472 1.0122879300212538e-44
536.1308913308914 5.0635898693584296e-45
537.1311355311356 1.2113155318291935e-46
538.1313797313798 1.6830123102466555e-45
539.131623931624 1.62967688428671e-44
540.1318681318681 3.4755579507132136e-46
541.1321123321123 8.646728099717801e-45
542.1323565323565 1.995936081794887e-45
543.1326007326007 1.0317765196122332e-45
544.1328449328449 1.4207193444610692e-44
545.1330891330891 2.3971726811942933e-44
546.1333333333333 1.9312275999377308e-44
547.1335775335775 4.10944473403534e-44
548.1338217338217 3.648849248986059e-44
549.1340659340659 2.9503948844889816e-44
550.1343101343101 2.059363677277634e-44
551.1345543345543 3.998225530799039e-45
552.1347985347985 8.290051018368348e-45
553.1350427350427 3.224592323301016e-44
554.1352869352869 4.362986558199153e-44
555.1355311355311 1.2827997547108285e-44
556.1357753357753 4.668854627142698e-45
557.1360195360195 6.481754498752149e-45
558.1362637362637 5.97768751612043e-45
559.1365079365079 5.176641325426853e-45
560.1367521367522 2.1803617064374802e-44
561.1369963369964 2.8988242435645126e-44
562.1372405372406 7.471943737742848e-45
563.1374847374848 1.5363270293146017e-45
564.137728937729 3.878437502348781e-46
565.1379731379732 7.883192827211221e-45
566.1382173382174 3.1553936974038417e-44
567.1384615384616 1.478007926014127e-44
568.1387057387058 2.9430405138075206e-45
569.13894993895 5.377110481092119e-45
570.1391941391942 4.86831190954397e-45
571.1394383394384 1.6471838534024224e-44
572.1396825396826 1.378193357971064e-44
573.1399267399268 1.1369798430703115e-44
574.140170940171 1.6973595153005456e-45
575.1404151404151 7.207044529296686e-45
576.1406593406593 2.0241576840331007e-45
577.1409035409035 1.0225587950442574e-44
578.1411477411477 8.634939344981902e-45
579.1413919413919 4.3167271768475155e-45
580.1416361416361 5.737036508953083e-45
581.1418803418803 4.64800732344114e-45
582.1421245421245 1.96334843029508e-45
583.1423687423687 2.658057044411372e-45
584.1426129426129 4.1229771373663545e-44
585.1428571428571 4.752851989612949e-44
586.1431013431013 3.852219071878804e-45
587.1433455433455 5.740044601107581e-45
588.1435897435897 1.405122302308829e-45
589.1438339438339 6.501819182735014e-45
590.1440781440781 7.932773942361381e-45
591.1443223443223 1.5607997619365206e-45
592.1445665445665 2.672959841808433e-44
593.1448107448108 2.2086921020987807e-44
594.145054945055 5.3639047718489686e-45
595.1452991452992 2.268504656936686e-45
596.1455433455434 2.565672853933435e-44
597.1457875457876 9.457596774403183e-45
598.1460317460318 1.9754099920396316e-44
599.146275946276 1.476644232630795e-44
600.1465201465202 1.3611793552635831e-44
601.1467643467644 3.9666324430974825e-45
602.1470085470086 4.857408573034288e-46
603.1472527472528 2.440961162956212e-45
604.147496947497 8.512750774826963e-45
605.1477411477412 1.444391584899843e-44
606.1479853479854 3.892501535173551e-45
607.1482295482296 7.855022248584707e-45
608.1484737484737 5.985642168440074e-45
609.148717948718 1.1009622009835332e-45
610.1489621489621 4.554783863533381e-46
611.1492063492063 4.052134347573456e-45
612.1494505494505 1.6777157226489416e-44
613.1496947496947 1.4026939959830665e-44
614.1499389499389 2.54203559275772e-44
615.1501831501831 1.703140292796574e-44
616.1504273504273 9.16696896044236e-47
617.1506715506715 9.850446286002208e-47
618.1509157509157 3.9275457377842166e-45
619.1511599511599 1.0814816420232855e-44
620.1514041514041 9.620551122538908e-45
621.1516483516483 6.815459600522596e-46
622.1518925518925 3.135445655515044e-45
623.1521367521367 8.75948590402433e-46
624.152380952381 1.0048329739567352e-45
625.1526251526252 1.309780392499759e-45
626.1528693528694 3.664015873392739e-45
627.1531135531136 3.355677249362994e-45
628.1533577533578 1.7557722701463057e-44
629.153601953602 9.281908257923698e-45
630.1538461538462 2.0057136393504426e-45
631.1540903540904 5.749907841758428e-46
632.1543345543346 3.1726853210892e-45
633.1545787545788 8.742340982201297e-45
634.154822954823 4.359644747170184e-45
635.1550671550672 8.221641518664438e-45
636.1553113553114 2.190685704681031e-44
637.1555555555556 2.1687779551618096e-44
638.1557997557998 1.9248300704132034e-44
639.156043956044 6.332999311890524e-45
640.1562881562882 5.871379158073715e-45
641.1565323565324 4.658887621920201e-45
642.1567765567765 5.766798149078535e-45
643.1570207570207 6.552922592108358e-45
644.1572649572649 2.33904285653387e-45
645.1575091575091 3.563322389908256e-45
646.1577533577533 1.4854111768158624e-44
647.1579975579975 1.0350021541595268e-44
648.1582417582417 8.240770428705539e-45
649.1584859584859 1.527646744695825e-45
650.1587301587301 6.771354969780112e-45
651.1589743589743 3.794538401648273e-45
652.1592185592185 4.2649648338381755e-44
653.1594627594627 5.838182134981e-44
654.1597069597069 9.117873933673588e-45
655.1599511599511 1.4360638217878442e-45
656.1601953601953 5.032696572794121e-45
657.1604395604396 8.815152034166554e-45
658.1606837606838 1.8233317553430772e-46
659.160927960928 2.941644663490682e-45
660.1611721611722 2.996138789081382e-44
661.1614163614164 1.2036287069015912e-44
662.1616605616606 9.654505080814553e-45
663.1619047619048 2.038404887553995e-44
664.162148962149 8.003230525239143e-45
665.1623931623932 7.369758084492621e-46
666.1626373626374 2.1616263720507437e-45
667.1628815628816 6.24052943706264e-45
668.1631257631258 1.5596172315687267e-44
669.16336996337 9.675198700834312e-46
670.1636141636142 1.7130325922840954e-45
671.1638583638584 9.814182260280384e-47
672.1641025641026 1.5909638169848484e-45
673.1643467643468 8.722309166385934e-45
674.164590964591 1.3237903510632115e-44
675.1648351648352 6.27983696416213e-45
676.1650793650794 8.41363492231437e-45
677.1653235653235 4.902277829281948e-45
678.1655677655677 8.983574262244336e-45
679.1658119658119 7.969915276230906e-46
680.1660561660561 1.422163791537149e-44
681.1663003663003 6.052687776706552e-45
682.1665445665445 5.967503053842498e-46
683.1667887667887 3.958406932875561e-45
684.1670329670329 2.3754729277229967e-45
685.1672771672771 3.262722617410617e-44
686.1675213675213 3.1698636130863908e-43
687.1677655677655 3.219204698256738e-43
688.1680097680098 4.72557062944289e-44
689.168253968254 3.2080850085814445e-43
690.1684981684982 3.8645225265147917e-44
691.1687423687424 1.2189199042951413e-44
692.1689865689866 2.5150604755350524e-44
693.1692307692308 6.000347163990381e-44
694.169474969475 1.8004978831415777e-43
695.1697191697192 1.1078579182994646e-43
696.1699633699634 3.166808557168293e-44
697.1702075702076 3.781929800775476e-44
698.1704517704518 2.0980816278192057e-44
699.170695970696 2.8062816126730194e-45
700.1709401709402 3.2661428158056944e-45
701.1711843711844 1.4216613296881315e-44
702.1714285714286 4.1565976066493103e-44
703.1716727716728 4.1997363513187182e-44
704.171916971917 2.352991474999674e-44
705.1721611721612 1.1679938225716168e-45
706.1724053724054 3.694809180385138e-45
707.1726495726496 1.1349752015169068e-44
708.1728937728938 8.676595117404532e-46
709.173137973138 8.748050384483006e-45
710.1733821733822 6.800260553650329e-45
711.1736263736263 1.973090188635394e-45
712.1738705738705 2.7316616350066927e-45
713.1741147741147 7.003913858934364e-45
714.1743589743589 3.0871094231941367e-44
715.1746031746031 1.8212216086873993e-45
716.1748473748473 2.1563781599360393e-44
717.1750915750915 1.2102241171811247e-44
718.1753357753357 5.781774849250335e-45
719.1755799755799 1.730005506105337e-45
720.1758241758241 4.361439442541348e-45
721.1760683760684 6.65265676033206e-45
722.1763125763126 1.4340117509497257e-45
723.1765567765568 7.657476839758396e-46
724.176800976801 2.248919616661903e-45
725.1770451770452 7.016199879680867e-45
726.1772893772894 9.046556099249798e-45
727.1775335775336 5.630582359326895e-46
728.1777777777778 3.361316004238554e-45
729.178021978022 1.705235372502664e-44
730.1782661782662 7.435304176224002e-45
731.1785103785104 6.587036277093369e-45
732.1787545787546 3.638401791155989e-45
733.1789987789988 6.582002315017417e-45
734.179242979243 3.523652366608654e-44
735.1794871794872 5.731500740135545e-44
736.1797313797314 3.881062074852079e-44
737.1799755799756 9.300539119813988e-45
738.1802197802198 1.4841216833878435e-44
739.180463980464 1.5826516412896505e-44
740.1807081807082 1.3618904052070222e-44
741.1809523809524 4.747721977534309e-45
742.1811965811966 4.815180428129672e-44
743.1814407814408 5.090498050395583e-44
744.181684981685 1.425328291757611e-44
745.1819291819291 3.1366147174650775e-45
746.1821733821733 5.306061486700665e-45
747.1824175824175 7.059145856914308e-45
748.1826617826617 6.823273422869192e-45
749.1829059829059 9.354736113933749e-46
750.1831501831501 1.5781953750019729e-46
751.1833943833943 6.419920458861659e-45
752.1836385836386 1.5673124678960612e-44
753.1838827838828 2.521007930051374e-45
754.184126984127 3.499198658348904e-45
755.1843711843712 6.182339949072173e-45
756.1846153846154 4.930288087846562e-45
757.1848595848596 9.7586005360037e-47
758.1851037851038 2.2139180131577968e-45
759.185347985348 1.1788142644635637e-44
760.1855921855922 1.0970513548520007e-44
761.1858363858364 1.3128384860886566e-45
762.1860805860806 4.2215319445032607e-45
763.1863247863248 5.417133925848234e-45
764.186568986569 1.531025692427929e-45
765.1868131868132 3.2921411043523444e-44
766.1870573870574 2.48944751155729e-44
767.1873015873016 1.7863993928276767e-45
768.1875457875458 8.422527133573074e-46
769.18778998779 1.837679269132304e-45
770.1880341880342 9.588519363888368e-45
771.1882783882784 1.202102167308322e-44
772.1885225885226 2.457500135692587e-45
773.1887667887668 1.081653536912969e-46
774.189010989011 1.5525444154155198e-44
775.1892551892552 4.1387544321379437e-44
776.1894993894994 1.2957552892085634e-44
777.1897435897436 7.857316660998448e-45
778.1899877899878 5.5864800694503104e-45
779.190231990232 4.6713084101703205e-45
780.1904761904761 1.9937624075995959e-44
781.1907203907203 3.069600046098565e-44
782.1909645909645 1.7017142243785928e-44
783.1912087912087 8.671571162616449e-46
784.1914529914529 3.184175602482438e-45
785.1916971916972 2.316831814771488e-45
786.1919413919414 4.2171291426069197e-45
787.1921855921856 1.6370004537441826e-44
788.1924297924298 1.902665289673293e-44
789.192673992674 1.9949684828521858e-44
790.1929181929182 2.4279487382087622e-45
791.1931623931624 2.2124195311748135e-45
792.1934065934066 1.52920572579827e-46
793.1936507936508 2.4391651181229234e-45
794.193894993895 2.6488551880001933e-46
795.1941391941392 1.374249854629653e-44
796.1943833943834 2.4879923036692333e-44
797.1946275946276 4.726006018527913e-45
798.1948717948718 4.388505029945765e-45
799.195115995116 9.74280690897043e-45
800.1953601953602 8.496063834877155e-46
801.1956043956044 1.1549094836555827e-44
802.1958485958486 2.455167138967927e-44
803.1960927960928 3.931118024453245e-45
804.196336996337 1.1032723460501569e-45
805.1965811965812 1.8215549023313286e-44
806.1968253968254 3.1124098351505087e-44
807.1970695970696 9.55461074507475e-46
808.1973137973138 1.347884139811254e-44
809.197557997558 6.582086548822824e-45
810.1978021978022 8.493873966875555e-45
811.1980463980464 2.6027940871892273e-44
812.1982905982906 2.341569573469999e-44
813.1985347985348 2.514907301676993e-44
814.198778998779 1.1216709190194393e-44
815.1990231990231 7.379354003824525e-45
816.1992673992675 2.4193289070347604e-44
817.1995115995117 4.1907831719353207e-44
818.1997557997558 1.1636487852045854e-44
819.2 1.5052374760832725e-46
820.2002442002442 1.515638941157129e-45
821.2004884004884 2.2880227934466973e-45
822.2007326007326 4.7793284433930145e-45
823.2009768009768 3.869668479527216e-45
824.201221001221 2.4262075303821103e-45
825.2014652014652 5.2745455160521155e-45
826.2017094017094 1.9624666397526977e-44
827.2019536019536 1.222776071586603e-44
828.2021978021978 1.8007079256261766e-45
829.202442002442 7.462413246011718e-45
830.2026862026862 3.244333829929978e-45
831.2029304029304 1.0209900493899599e-44
832.2031746031746 9.614395363088644e-45
833.2034188034188 4.278836096210337e-45
834.203663003663 5.5173583835998875e-45
835.2039072039072 3.771741651414531e-45
836.2041514041514 3.6813666655820496e-45
837.2043956043956 5.074777972531423e-44
838.2046398046398 3.7324483811636433e-44
839.204884004884 9.017939023431925e-45
840.2051282051282 8.679547282245684e-45
841.2053724053724 3.7689371711157826e-45
842.2056166056166 4.2446183595761176e-45
843.2058608058608 6.676252703555085e-45
844.206105006105 1.3489934565512696e-44
845.2063492063492 7.007450682806853e-45
846.2065934065934 1.251989977291014e-45
847.2068376068376 1.366505191915298e-45
848.2070818070817 3.336443884233587e-45
849.2073260073261 1.0462542316498334e-44
850.2075702075703 2.858631113902602e-44
851.2078144078145 2.7867515678211674e-44
852.2080586080586 2.1604263326489584e-45
853.2083028083028 9.903848510728652e-45
854.208547008547 3.561992735117604e-44
855.2087912087912 2.0002722213888728e-44
856.2090354090354 2.4010385533402635e-44
857.2092796092796 6.406623247410786e-44
858.2095238095238 5.927495406531956e-44
859.209768009768 4.815636148533802e-44
860.2100122100122 7.256520020456413e-45
861.2102564102564 6.847422012245358e-45
862.2105006105006 5.057215118395484e-45
863.2107448107448 2.1673992160206796e-44
864.210989010989 1.7659879984477183e-44
865.2112332112332 7.756883613690677e-45
866.2114774114774 8.158744725315574e-45
867.2117216117216 1.2733075880355522e-44
868.2119658119658 4.538711575589693e-45
869.21221001221 1.332793250520087e-44
870.2124542124542 5.7430739191575e-45
871.2126984126984 1.241561074051948e-45
872.2129426129426 4.9400759650352496e-45
873.2131868131868 5.128630477449743e-45
874.213431013431 1.5098652507909302e-44
875.2136752136752 2.1985761675450754e-44
876.2139194139194 1.2901689593479184e-44
877.2141636141636 2.6090177511137186e-44
878.2144078144078 2.219259657559326e-44
879.214652014652 2.2317372900374268e-45
880.2148962148963 2.9699289033470095e-44
881.2151404151405 8.819423684860281e-45
882.2153846153847 8.907284349496738e-45
883.2156288156289 2.8252114724741284e-45
884.2158730158731 2.7756941685974346e-44
885.2161172161173 4.490480738770673e-44
886.2163614163615 3.179830413774577e-44
887.2166056166056 3.17705622174223e-45
888.2168498168498 3.239544851082985e-44
889.217094017094 5.492021777189918e-44
890.2173382173382 3.0186067547047397e-44
891.2175824175824 1.916292085616423e-44
892.2178266178266 5.197219429294947e-45
893.2180708180708 4.6735594795111445e-45
894.218315018315 5.690973377178499e-45
895.2185592185592 5.2496621635659156e-45
896.2188034188034 1.7535065809121047e-44
897.2190476190476 1.7363793642039605e-44
898.2192918192918 1.2301663722505496e-44
899.219536019536 1.90440835989081e-44
900.2197802197802 8.477780854955719e-45
901.2200244200244 6.603471557423235e-45
902.2202686202686 1.539963810824774e-46
903.2205128205128 1.9201422022653686e-45
904.220757020757 4.2765043350579395e-45
905.2210012210012 1.5411439892729262e-46
906.2212454212454 1.5744307737264492e-44
907.2214896214896 1.9096975679176844e-44
908.2217338217338 3.4846391976760476e-45
909.221978021978 6.044866701830434e-44
910.2222222222222 6.947400087785973e-44
911.2224664224664 1.9615099134305417e-44
912.2227106227106 3.0483311428377433e-45
913.2229548229549 5.1718255369144745e-45
914.2231990231991 1.7943142686265005e-44
915.2234432234433 1.9555892998235809e-44
916.2236874236875 3.4420466628869265e-44
917.2239316239317 7.085547853846587e-45
918.2241758241759 6.295822353680908e-45
919.22442002442 1.6938988672134313e-46
920.2246642246643 1.5803359880407155e-44
921.2249084249084 3.385940510341451e-44
922.2251526251526 1.02951381370508e-44
923.2253968253968 5.032831395412136e-44
924.225641025641 6.449411176038166e-44
925.2258852258852 4.414210448955757e-44
926.2261294261294 2.909315019676341e-44
927.2263736263736 2.389136745638304e-44
928.2266178266178 3.7452758879036546e-45
929.226862026862 6.470268255714872e-45
930.2271062271062 2.430777800068355e-44
931.2273504273504 3.0930331911792204e-44
932.2275946275946 8.27734787500395e-45
933.2278388278388 5.3216189039743535e-45
934.228083028083 1.7305585822071998e-46
935.2283272283272 3.760383355160046e-45
936.2285714285714 8.73387649766577e-46
937.2288156288156 4.9981573598686745e-45
938.2290598290598 3.113554701451436e-45
939.229304029304 3.245727290641224e-45
940.2295482295482 2.4779199709036435e-45
941.2297924297924 1.0506612232149056e-44
942.2300366300366 8.987262066527507e-45
943.2302808302808 1.4522152747776182e-44
944.2305250305251 1.3826946220000596e-44
945.2307692307693 1.2961983897189366e-44
946.2310134310135 2.2289230129422798e-44
947.2312576312577 1.2232849298522037e-44
948.2315018315019 2.4795911073184064e-44
949.2317460317461 2.205834179718644e-44
950.2319902319903 1.845431455993889e-45
951.2322344322345 8.470807375156662e-45
952.2324786324787 8.489428292654966e-46
953.2327228327229 1.2647395266283572e-45
954.232967032967 1.6225655431845563e-44
955.2332112332113 5.19439928826849e-45
956.2334554334554 4.254314614472583e-45
957.2336996336996 4.1279621424568693e-45
958.2339438339438 2.9221116433690064e-44
959.234188034188 3.067710246590496e-44
960.2344322344322 2.980688445373137e-45
961.2346764346764 2.370489892089374e-44
962.2349206349206 5.2533464295385033e-45
963.2351648351648 1.8115307906043406e-45
964.235409035409 8.448775650517361e-45
965.2356532356532 8.060705890455918e-45
966.2358974358974 2.128636198661796e-44
967.2361416361416 5.088250882298902e-44
968.2363858363858 1.3144793501743443e-44
969.23663003663 1.1082372408731934e-45
970.2368742368742 2.9424048262835145e-44
971.2371184371184 4.1460226523805656e-44
972.2373626373626 1.283300194113962e-45
973.2376068376068 4.030827794282428e-46
974.237851037851 1.402936733662677e-44
975.2380952380952 1.0277903250463718e-44
976.2383394383394 2.8377022736633883e-44
977.2385836385837 1.5277817338914414e-44
978.2388278388279 8.432384790774514e-45
979.2390720390721 3.726285043541404e-45
980.2393162393163 1.405150847157543e-45
981.2395604395605 8.231499537064071e-45
982.2398046398047 1.4412458204631714e-44
983.2400488400489 2.4825203676487934e-44
984.2402930402931 2.187009036513326e-44
985.2405372405373 2.006407141093035e-45
986.2407814407815 6.340883477702306e-45
987.2410256410257 8.277247621126394e-45
988.2412698412699 2.0506138848370197e-44
989.241514041514 1.3787106269105998e-44
990.2417582417582 5.067871293305575e-45
991.2420024420024 8.508460119325448e-45
992.2422466422466 2.8688875966441706e-44
993.2424908424908 8.189659709707522e-45
994.242735042735 2.6685057477471608e-45
995.2429792429792 1.0445014016142345e-44
996.2432234432234 3.21718523789841e-44
997.2434676434676 7.521569726452553e-44
998.2437118437118 1.2337766439214356e-44
999.243956043956 2.6766801713440735e-45
1000.2442002442002 2.124094794746256e-44
1001.2444444444444 4.372703797078605e-44
1002.2446886446886 3.019260401084579e-44
1003.2449328449328 1.0574018085263404e-44
1004.245177045177 1.140347157993795e-45
1005.2454212454212 3.036937983730728e-45
1006.2456654456654 2.7680370201880732e-45
1007.2459096459096 9.015297229469012e-47
1008.2461538461539 1.369209722555207e-44
1009.2463980463981 3.9905609878013793e-44
1010.2466422466423 2.5283502901635316e-44
1011.2468864468865 1.0598886929888178e-44
1012.2471306471307 1.043493525357336e-44
1013.2473748473749 1.9315616816662514e-44
1014.2476190476191 1.646018365444562e-44
1015.2478632478633 1.81133947893137e-44
1016.2481074481075 1.5927625949820607e-44
1017.2483516483517 1.2281376047222163e-44
1018.2485958485959 1.0854689381307768e-44
1019.2488400488401 2.144241806941813e-44
1020.2490842490843 1.8688335986278017e-45
1021.2493284493285 4.8379506559579884e-45
1022.2495726495727 9.837363372537126e-45
1023.2498168498169 2.3699093821146885e-44
1024.250061050061 9.207380374333918e-45
1025.2503052503052 3.8096661983261475e-45
1026.2505494505494 6.83872307417788e-45
1027.2507936507936 1.390836013745383e-44
1028.2510378510378 8.396377412093817e-45
1029.251282051282 1.6345577779261189e-44
1030.2515262515262 7.227821371903263e-44
1031.2517704517704 9.31207545341524e-44
1032.2520146520146 1.2727718270890603e-46
1033.2522588522588 1.3463141397129096e-43
1034.252503052503 1.0132758534775256e-43
1035.2527472527472 9.554023823889132e-45
1036.2529914529914 2.0173529212742347e-45
1037.2532356532356 1.0225978753392682e-44
1038.2534798534798 1.3360560291998498e-45
1039.253724053724 3.9598191072814597e-44
1040.2539682539682 4.914257151041256e-44
1041.2542124542124 5.4328047638103634e-45
1042.2544566544566 7.19190384713996e-44
1043.2547008547008 3.2774174340007224e-44
1044.254945054945 7.72952054990638e-45
1045.2551892551892 2.605484062161273e-44
1046.2554334554334 8.875552723016995e-45
1047.2556776556776 4.260063420813452e-45
1048.2559218559218 5.886928689739151e-45
1049.256166056166 1.528659210894038e-44
1050.2564102564102 5.747591124993147e-45
1051.2566544566544 1.1706407830537416e-44
1052.2568986568986 5.595182484069498e-44
1053.2571428571428 5.192191018368821e-44
1054.257387057387 2.0683313573258404e-44
1055.2576312576311 1.3199121411848194e-44
1056.2578754578753 9.358644453848705e-45
1057.2581196581198 1.3245782955714484e-45
1058.258363858364 4.058311981899835e-44
1059.2586080586082 5.954274985195662e-44
1060.2588522588524 7.544110311972647e-45
1061.2590964590966 1.3492749452923566e-44
1062.2593406593408 1.9545464567438426e-44
1063.259584859585 1.622244370536601e-44
1064.2598290598291 1.2372769407335936e-44
1065.2600732600733 7.532459267481845e-46
1066.2603174603175 1.112721510518146e-44
1067.2605616605617 1.7390539565665883e-44
1068.260805860806 4.104364230481506e-46
1069.2610500610501 5.985139909771976e-45
1070.2612942612943 9.339174720790477e-45
1071.2615384615385 3.799468325787639e-45
1072.2617826617827 3.9109455251735856e-46
1073.262026862027 3.592628240564843e-45
1074.262271062271 1.9341442321823934e-44
1075.2625152625153 4.041901671327275e-44
1076.2627594627595 3.254701207925192e-44
1077.2630036630037 9.651160446653367e-45
1078.263247863248 1.103421017470595e-45
1079.263492063492 1.8335532443483903e-44
1080.2637362637363 1.524748623328868e-44
1081.2639804639805 7.74968708753053e-45
1082.2642246642247 7.693486507323263e-45
1083.2644688644689 1.6977227463171743e-45
1084.264713064713 1.4628824117743218e-44
1085.2649572649573 5.205333107749892e-44
1086.2652014652015 2.9879118598383144e-44
1087.2654456654457 9.559003245639203e-45
1088.2656898656899 4.0052500670961515e-44
1089.265934065934 5.151034800530997e-44
1090.2661782661783 8.815398883631165e-45
1091.2664224664225 6.249291580266133e-45
1092.2666666666667 1.3588927948618193e-44
1093.2669108669108 1.560298554900483e-44
1094.267155067155 1.1208856165782834e-44
1095.2673992673992 4.4280078673928103e-45
1096.2676434676434 4.8638937826159885e-45
1097.2678876678876 4.0765839394996995e-45
1098.2681318681318 2.301595631227632e-45
1099.268376068376 7.495069817309922e-45
1100.2686202686202 2.604516538773631e-44
1101.2688644688644 9.474266734041814e-45
1102.2691086691086 1.0438850340185394e-44
1103.2693528693528 1.0575360609889941e-44
1104.269597069597 7.377603203420686e-45
1105.2698412698412 8.802071995831215e-45
1106.2700854700854 3.3469244291167012e-46
1107.2703296703296 1.282194956829567e-44
1108.2705738705738 4.88284105538965e-44
1109.270818070818 2.5958096403246487e-44
1110.2710622710622 1.8658209431993795e-45
1111.2713064713064 2.1353432432830204e-44
1112.2715506715506 3.9770166711079677e-44
1113.2717948717948 1.373390039751345e-44
1114.272039072039 1.498595732110574e-44
1115.2722832722832 1.418851261512032e-44
1116.2725274725274 1.109810100142636e-45
1117.2727716727716 2.1782657169220722e-44
1118.2730158730158 5.269836162125603e-44
1119.27326007326 2.487052237850172e-44
1120.2735042735044 7.816023870983497e-45
1121.2737484737486 4.5599647969720216e-45
1122.2739926739928 2.8385235987842356e-44
1123.274236874237 1.009084990083361e-44
1124.2744810744812 2.5897993491203577e-45
1125.2747252747254 2.4057977968331474e-45
1126.2749694749696 8.079219822884416e-45
1127.2752136752138 1.1251586484781798e-45
1128.275457875458 2.196602407909721e-46
1129.2757020757022 1.0530902390209006e-44
1130.2759462759464 2.2712803529966215e-44
1131.2761904761905 1.0339672909625573e-44
1132.2764346764347 5.448192598061108e-45
1133.276678876679 8.722326119088293e-45
1134.2769230769231 8.484770732621006e-45
1135.2771672771673 3.270594007871339e-45
1136.2774114774115 6.577003099396408e-46
1137.2776556776557 2.5903111738700737e-45
1138.2778998779 3.170948469408215e-44
1139.2781440781441 3.352724493478597e-44
1140.2783882783883 1.1253820098998408e-45
1141.2786324786325 2.0776933200372992e-44
1142.2788766788767 3.7604689856865724e-44
1143.279120879121 1.8729595517006689e-44
1144.279365079365 2.991423169891824e-44
1145.2796092796093 7.207375251717976e-44
1146.2798534798535 6.181303234525127e-44
1147.2800976800977 3.1770551321521955e-45
1148.280341880342 6.779485752953868e-45
1149.280586080586 2.0005672636227051e-44
1150.2808302808303 4.116586817003767e-45
1151.2810744810745 1.5952183840117353e-42
1152.2813186813187 2.2014224090627252e-42
1153.2815628815629 8.230192485146185e-44
1154.281807081807 7.628141546694855e-44
1155.2820512820513 2.1640048474611852e-44
1156.2822954822955 7.746062613019658e-47
1157.2825396825397 1.5428766042035156e-44
1158.2827838827839 6.655664326274625e-45
1159.283028083028 1.6051631057666893e-44
1160.2832722832723 6.919978460333629e-45
1161.2835164835165 1.5793835561000534e-46
1162.2837606837606 2.73579611882924e-45
1163.2840048840048 5.503204630403539e-45
1164.284249084249 4.2972724756505573e-45
1165.2844932844932 6.919440051695831e-45
1166.2847374847374 4.605094242147186e-44
1167.2849816849816 7.748259585117039e-45
1168.2852258852258 1.1384276293072466e-44
1169.28547008547 3.263355936924223e-44
1170.2857142857142 8.297274236027986e-45
1171.2859584859584 1.472639874184433e-44
1172.2862026862026 3.641138312034223e-46
1173.2864468864468 1.4769724991911343e-44
1174.286691086691 8.84152606719738e-45
1175.2869352869352 1.3985364482440565e-45
1176.2871794871794 1.127257144742369e-44
1177.2874236874236 2.5056447158422154e-45
1178.2876678876678 1.0854068780941738e-44
1179.287912087912 2.1379797657429449e-44
1180.2881562881562 4.361064468020992e-45
1181.2884004884004 2.6808920760690787e-45
1182.2886446886446 9.051035572930595e-45
1183.2888888888888 1.2110282201132563e-44
1184.289133089133 5.802155793238126e-45
1185.2893772893774 1.9986475258032408e-45
1186.2896214896216 5.0218528628126667e-45
1187.2898656898658 1.0006986191840941e-44
1188.29010989011 9.200220644405992e-45
1189.2903540903542 5.162326661220395e-45
1190.2905982905984 2.7468144452438886e-44
1191.2908424908426 5.134815240081045e-44
1192.2910866910868 3.240218212916351e-44
1193.291330891331 6.551764768167247e-45
1194.2915750915752 5.792544805455062e-45
1195.2918192918194 1.4811492100397e-45
1196.2920634920636 8.109422504904947e-45
1197.2923076923078 3.5171598191471785e-45
1198.292551892552 1.9324828713367491e-44
1199.2927960927962 2.787127645036941e-44
1200.2930402930403 1.261891313054938e-44
1201.2932844932845 3.5779037214225017e-45
1202.2935286935287 6.568590432948172e-45
1203.293772893773 3.3350267838660367e-44
1204.2940170940171 3.6902804559793224e-44
1205.2942612942613 1.783071208754633e-44
1206.2945054945055 1.9617260184457887e-44
1207.2947496947497 2.6941319053581543e-45
1208.294993894994 2.4307364784876496e-44
1209.2952380952381 3.5549868277191527e-44
1210.2954822954823 1.206741006957013e-44
1211.2957264957265 2.3120843900389124e-44
1212.2959706959707 5.869798543750568e-44
1213.296214896215 2.7469038384508914e-44
1214.296459096459 1.8658508899138304e-44
1215.2967032967033 9.399162025310956e-45
1216.2969474969475 8.060906034220304e-45
1217.2971916971917 1.7254769311153377e-44
1218.297435897436 1.5560447109234626e-44
1219.29768009768 2.966475462284766e-44
1220.2979242979243 5.121388985026424e-45
1221.2981684981685 5.231929322596021e-45
1222.2984126984127 6.527487708141867e-45
1223.2986568986569 9.926486604360876e-45
1224.298901098901 6.552561587989665e-47
1225.2991452991453 6.10716154669519e-45
1226.2993894993895 7.257473092081698e-45
1227.2996336996337 4.1699488765712916e-45
1228.2998778998779 5.2027700747515336e-45
1229.300122100122 1.8741306932120845e-44
1230.3003663003662 1.6348344910000387e-44
1231.3006105006104 5.761712689445651e-45
1232.3008547008546 1.7374567949705493e-44
1233.3010989010988 5.033500113259185e-44
1234.301343101343 3.993718541215881e-44
1235.3015873015872 3.1729515865449924e-44
1236.3018315018314 2.377708242745209e-44
1237.3020757020756 9.642935267641776e-45
1238.3023199023198 7.704899501505911e-45
1239.302564102564 1.7871460192629185e-44
1240.3028083028082 6.938246372438696e-45
1241.3030525030524 2.550442567949234e-44
1242.3032967032966 2.3613189552494193e-44
1243.3035409035408 3.0661834737566827e-44
1244.303785103785 3.6444137928785353e-44
1245.3040293040292 9.512461471394661e-45
1246.3042735042734 3.408660384381459e-44
1247.3045177045176 2.7310313295284705e-44
1248.304761904762 3.2644763072203724e-45
1249.3050061050062 1.6873188234159268e-44
1250.3052503052504 5.544885715897396e-44
1251.3054945054946 3.494883821433993e-44
1252.3057387057388 7.097322868233468e-45
1253.305982905983 2.2544209586226555e-46
1254.3062271062272 2.871618492059572e-45
1255.3064713064714 2.2331767354294952e-44
1256.3067155067156 1.622164059494601e-44
1257.3069597069598 5.252925463647794e-45
1258.307203907204 1.0313512550469476e-44
1259.3074481074482 1.7514134644133965e-44
1260.3076923076924 5.4890974738034935e-46
1261.3079365079366 1.8719915858328853e-45
1262.3081807081808 1.8085980889944383e-44
1263.308424908425 4.194658349152559e-44
1264.3086691086692 1.7912680963900265e-44
1265.3089133089134 4.351168244188859e-45
1266.3091575091576 2.137519180666897e-45
1267.3094017094018 6.27306320986713e-46
1268.309645909646 3.912754518325396e-44
1269.3098901098901 3.2063491377035166e-44
1270.3101343101343 1.3179417615514092e-44
1271.3103785103785 1.891850898357751e-44
1272.3106227106227 5.8842481689246015e-46
1273.310866910867 2.026145048965345e-45
1274.3111111111111 3.035192401405271e-45
1275.3113553113553 4.357501588301814e-45
1276.3115995115995 1.1733418427034497e-44
1277.3118437118437 1.251087684908941e-44
1278.312087912088 2.5602632906430938e-45
1279.3123321123321 1.8901603819797493e-44
1280.3125763125763 6.879397184869618e-44
1281.3128205128205 3.7431343701976576e-44
1282.3130647130647 2.829636349399681e-44
1283.313308913309 4.3677228418649427e-45
1284.313553113553 6.188131381131482e-45
1285.3137973137973 8.240230188146746e-45
1286.3140415140415 9.465832195292577e-45
1287.3142857142857 6.863606312399794e-46
1288.3145299145299 1.3971640482853718e-45
1289.314774114774 1.5465620442098375e-44
1290.3150183150183 1.938956217624777e-44
1291.3152625152625 8.003409451263784e-45
1292.3155067155067 9.0618342006471e-45
1293.3157509157509 7.897871373569791e-46
1294.315995115995 7.726005115297636e-45
1295.3162393162393 4.345071719542756e-44
1296.3164835164835 6.572153420489391e-44
1297.3167277167277 3.0865510365856264e-44
1298.3169719169719 2.5667703706149125e-44
1299.317216117216 4.467053591597671e-44
1300.3174603174602 9.612215489436448e-45
1301.3177045177044 5.648399287255903e-45
1302.3179487179486 2.1093936046088925e-44
1303.3181929181928 1.6349215771767977e-44
1304.318437118437 5.29903829300814e-45
1305.3186813186812 1.1241390688041235e-44
1306.3189255189254 2.1364572667749142e-44
1307.3191697191696 1.863974172331547e-44
1308.3194139194138 3.9259524442346486e-44
1309.319658119658 1.2820451779374832e-44
1310.3199023199022 3.420740060168924e-45
1311.3201465201464 5.3211419374169095e-45
1312.3203907203906 1.94700121251685e-45
1313.320634920635 1.1000847223364101e-44
1314.3208791208792 3.048445829584082e-44
1315.3211233211234 3.688507310632973e-44
1316.3213675213676 3.9650523084430236e-45
1317.3216117216118 7.53448680368072e-45
1318.321855921856 6.894375857651865e-45
1319.3221001221002 2.1272547610883879e-44
1320.3223443223444 3.594985724069109e-44
1321.3225885225886 1.7038152318306692e-44
1322.3228327228328 1.2312948030508842e-44
1323.323076923077 8.240768269297604e-45
1324.3233211233212 6.612176611412959e-45
1325.3235653235654 2.578495148961592e-44
1326.3238095238096 1.1460491627243486e-44
1327.3240537240538 5.570391278996104e-45
1328.324297924298 3.0258358431247603e-44
1329.3245421245422 1.1255596632481566e-44
1330.3247863247864 4.017794028722104e-44
1331.3250305250306 3.6546339639822443e-44
1332.3252747252748 4.4974498105418003e-45
1333.325518925519 8.453995204237631e-45
1334.3257631257632 7.82722163249129e-44
1335.3260073260074 7.863329724267217e-44
1336.3262515262516 2.718093493406616e-44
1337.3264957264958 1.3918202714550442e-44
1338.32673992674 3.779784450905513e-45
1339.3269841269841 3.5061426314179416e-44
1340.3272283272283 4.027144368899541e-44
1341.3274725274725 4.0546960600655827e-44
1342.3277167277167 3.2002474853027585e-44
1343.327960927961 4.0503185826558805e-45
1344.3282051282051 1.3061055464397485e-44
1345.3284493284493 1.3335294431533272e-44
1346.3286935286935 5.127201413026383e-45
1347.3289377289377 1.4162543019157666e-45
1348.329181929182 7.253977633734367e-45
1349.329426129426 2.6282692808344747e-44
1350.3296703296703 2.849697552253816e-44
1351.3299145299145 1.3003808872855516e-44
1352.3301587301587 2.6878669939266035e-45
1353.330402930403 7.66756648416158e-45
1354.330647130647 1.0882851011428185e-44
1355.3308913308913 2.8771925048919914e-45
1356.3311355311355 2.699803731298654e-45
1357.3313797313797 1.5319713690980863e-45
1358.3316239316239 2.0240141622797706e-44
1359.331868131868 1.1181122597049071e-44
1360.3321123321123 5.168166122135151e-45
1361.3323565323565 2.85480707791069e-45
1362.3326007326007 7.635621752374471e-45
1363.3328449328449 1.0210348303320269e-44
1364.333089133089 6.557985054958977e-45
1365.3333333333333 1.340295169832648e-44
1366.3335775335775 7.481245545915394e-45
1367.3338217338217 3.052861788145167e-45
1368.3340659340658 1.3171627297735484e-44
1369.33431013431 1.928633206984769e-44
1370.3345543345542 2.4493013112003616e-44
1371.3347985347984 7.007406310024722e-44
1372.3350427350426 5.5110625937996296e-45
1373.3352869352868 9.419443170656079e-45
1374.335531135531 6.440778815822178e-45
1375.3357753357752 1.7560080678627086e-44
1376.3360195360196 2.937337757685489e-44
1377.3362637362638 1.7200528608339692e-44
1378.336507936508 1.7995958577694487e-45
1379.3367521367522 2.3887710003297206e-45
1380.3369963369964 1.0431427901701297e-45
1381.3372405372406 2.5053699355437925e-45
1382.3374847374848 5.873791407345094e-45
1383.337728937729 5.848139813242521e-45
1384.3379731379732 4.4058464073649703e-44
1385.3382173382174 7.517109475932831e-44
1386.3384615384616 5.648039458883141e-44
1387.3387057387058 4.4203390708291486e-44
1388.33894993895 1.7912945613591037e-44
1389.3391941391942 3.53847270767837e-44
1390.3394383394384 1.0382981775815421e-44
1391.3396825396826 2.6354841169467998e-44
1392.3399267399268 5.225444368253887e-44
1393.340170940171 1.4353224016693407e-44
1394.3404151404152 4.321090402254589e-44
1395.3406593406594 2.911694390636722e-44
1396.3409035409036 1.01956680139203e-44
1397.3411477411478 8.508187393342497e-45
1398.341391941392 1.6906457155987512e-44
1399.3416361416362 4.00214346500858e-45
1400.3418803418804 1.3873847786001965e-44
1401.3421245421246 7.656141637497815e-45
1402.3423687423688 6.821681161377293e-45
1403.342612942613 6.332930374679121e-46
1404.3428571428572 2.4413477534394287e-44
1405.3431013431014 1.0065192594408418e-44
1406.3433455433455 2.2863718256435325e-44
1407.3435897435897 5.468117350316141e-44
1408.343833943834 2.552873673643016e-44
1409.3440781440781 4.530956450547363e-45
1410.3443223443223 5.5251149243991e-46
1411.3445665445665 2.1701131616279338e-44
1412.3448107448107 2.2710296019929544e-44
1413.345054945055 3.156851041690052e-45
1414.3452991452991 3.760382276802827e-45
1415.3455433455433 7.225082658614792e-45
1416.3457875457875 2.4206303486136297e-44
1417.3460317460317 2.333701934812167e-44
1418.346275946276 5.862144858013144e-44
1419.34652014652 5.338327335898586e-44
1420.3467643467643 2.3918021845919696e-44
1421.3470085470085 1.88576386895575e-44
1422.3472527472527 2.3980849842758264e-44
1423.347496947497 8.803105357986882e-44
1424.347741147741 3.890254590892916e-44
1425.3479853479853 1.2960335020970351e-44
1426.3482295482295 8.571463570317206e-44
1427.3484737484737 6.928203872198772e-44
1428.3487179487179 1.4780600681051845e-44
1429.348962148962 4.735808461717471e-44
1430.3492063492063 2.0315124681606047e-44
1431.3494505494505 1.3851954701988196e-44
1432.3496947496947 1.9431524086206343e-44
1433.3499389499389 8.948810523375632e-45
1434.350183150183 2.102401197241985e-44
1435.3504273504273 3.2530930954497094e-44
1436.3506715506714 3.3527514473421685e-44
1437.3509157509156 6.300291973337233e-45
1438.3511599511598 5.51398623176033e-45
1439.351404151404 1.3310262082567648e-44
1440.3516483516482 4.343948645363685e-44
1441.3518925518927 5.836267858764434e-44
1442.3521367521369 2.999294111313301e-44
1443.352380952381 2.5503476057465177e-45
1444.3526251526253 2.285811325477252e-45
1445.3528693528694 2.85135287787789e-44
1446.3531135531136 4.535738576553216e-44
1447.3533577533578 2.1388372436707938e-44
1448.353601953602 4.2155942030549836e-45
1449.3538461538462 4.480713450305501e-45
1450.3540903540904 1.1301629495764731e-44
1451.3543345543346 2.518579804763332e-44
1452.3545787545788 1.5976581227041648e-45
1453.354822954823 2.0912471811185487e-45
1454.3550671550672 1.9592930743737895e-44
1455.3553113553114 9.809716052520247e-45
1456.3555555555556 4.739757342791069e-44
1457.3557997557998 4.062832213222625e-44
1458.356043956044 4.518754498020571e-45
1459.3562881562882 8.253844901445606e-46
1460.3565323565324 8.556845217149153e-46
1461.3567765567766 9.19812285696293e-45
1462.3570207570208 1.967432146354364e-44
1463.357264957265 3.618650307445611e-45
1464.3575091575092 5.179172700161028e-44
1465.3577533577534 5.816499826694237e-44
1466.3579975579976 2.9853921953289507e-44
1467.3582417582418 1.807027242560725e-44
1468.358485958486 9.681209230564938e-45
1469.3587301587302 9.786382987943049e-45
1470.3589743589744 8.363140337257777e-45
1471.3592185592186 4.1668739085302763e-45
1472.3594627594628 1.5532573491095664e-44
1473.359706959707 4.1179831459614845e-45
1474.3599511599512 1.6933173594803433e-44
1475.3601953601953 4.426727803546091e-44
1476.3604395604395 2.443380299130998e-44
1477.3606837606837 2.49630737680431e-44
1478.360927960928 1.3890907698418667e-44
1479.3611721611721 9.997653378425612e-46
1480.3614163614163 1.3509522515537325e-44
1481.3616605616605 5.24716265442713e-45
1482.3619047619047 1.8123293894010215e-45
1483.362148962149 2.772447972990777e-44
1484.3623931623931 5.252095406008492e-44
1485.3626373626373 2.2987106562596313e-44
1486.3628815628815 5.931440275185561e-45
1487.3631257631257 1.7773600832210752e-44
1488.36336996337 1.8002843464065338e-44
1489.363614163614 2.73610086258886e-44
1490.3638583638583 8.361819929985572e-45
1491.3641025641025 1.0859459049034655e-45
1492.3643467643467 1.5697629863239906e-44
1493.364590964591 1.0325643039989967e-45
1494.364835164835 1.851070784392935e-44
1495.3650793650793 3.748441665340536e-44
1496.3653235653235 6.804572359876926e-44
1497.3655677655677 1.5311536694124039e-44
1498.3658119658119 2.3275774035933896e-44
1499.366056166056 1.76413369880221e-44
1500.3663003663003 4.843347118217863e-44
1501.3665445665445 1.783391734324993e-45
1502.3667887667887 1.3802659696138048e-44
1503.3670329670329 4.669580769099716e-46
1504.3672771672773 1.500880157730905e-44
1505.3675213675215 6.390339651189332e-44
1506.3677655677657 6.566625006253538e-44
1507.3680097680099 4.4670653786174326e-45
1508.368253968254 2.593219947772667e-46
1509.3684981684983 1.844941465012104e-45
1510.3687423687425 1.3225316591418605e-44
1511.3689865689867 1.2404671401570087e-44
1512.3692307692309 7.313540163699228e-46
1513.369474969475 4.753153604775451e-45
1514.3697191697192 9.012278059172662e-45
1515.3699633699634 2.6619252968400233e-44
1516.3702075702076 3.8818329811749545e-44
1517.3704517704518 5.4597198262487453e-45
1518.370695970696 1.3042532466972455e-44
1519.3709401709402 3.8454139728180146e-44
1520.3711843711844 2.024831262986921e-44
1521.3714285714286 8.001151066382184e-45
1522.3716727716728 3.1371885905540864e-46
1523.371916971917 4.1696065147505854e-44
1524.3721611721612 8.579740787292183e-44
1525.3724053724054 2.768329764240671e-44
1526.3726495726496 1.6661107362580908e-44
1527.3728937728938 3.1554387565904106e-44
1528.373137973138 2.1902591426802074e-44
1529.3733821733822 1.133969135265048e-44
1530.3736263736264 6.300427762907959e-44
1531.3738705738706 5.457759002760677e-44
1532.3741147741148 1.5746553224912168e-44
1533.374358974359 4.571079908381184e-44
1534.3746031746032 2.422178739143133e-44
1535.3748473748474 8.106272797963579e-45
1536.3750915750916 1.3097266412585905e-44
1537.3753357753358 5.398211148564016e-45
1538.37557997558 3.1154348886135125e-45
1539.3758241758242 2.4821427533678138e-45
1540.3760683760684 1.8724954565380023e-45
1541.3763125763126 7.662332724587384e-45
1542.3765567765568 3.4075872368369176e-45
1543.376800976801 3.0635358928361385e-44
1544.3770451770451 1.4728275562949323e-44
1545.3772893772893 1.6359909485112604e-44
1546.3775335775335 2.0089610426921424e-44
1547.3777777777777 8.073964383466038e-45
1548.378021978022 1.6931337034260126e-44
1549.3782661782661 1.5468668573253163e-44
1550.3785103785103 1.2839397597280494e-44
1551.3787545787545 2.2191543478840386e-44
1552.3789987789987 6.295291084083898e-45
1553.379242979243 1.8120118623427877e-45
1554.3794871794871 9.806645909157592e-45
1555.3797313797313 1.586101155677198e-45
1556.3799755799755 2.636872558060185e-44
1557.3802197802197 3.2278969521683267e-44
1558.380463980464 3.350745864016444e-44
1559.380708180708 3.0940723437031057e-45
1560.3809523809523 1.6511024572142963e-45
1561.3811965811965 7.639917974659147e-45
1562.3814407814407 4.2526691781488825e-44
1563.3816849816849 7.542351273399758e-44
1564.381929181929 4.781059891458663e-44
1565.3821733821733 1.0992489686974921e-44
1566.3824175824175 3.5063166070854787e-44
1567.3826617826617 6.430012912709195e-44
1568.3829059829059 7.046042862702319e-44
1569.3831501831503 1.2407281245551453e-44
1570.3833943833945 7.109508328173377e-45
1571.3836385836387 2.259789669877473e-45
1572.3838827838829 9.918939358348234e-46
1573.384126984127 4.2332590303314927e-44
1574.3843711843713 6.56050158879634e-44
1575.3846153846155 2.0872798171752738e-44
1576.3848595848597 2.3788809085196075e-44
1577.3851037851039 1.2523826371507385e-44
1578.385347985348 8.525449071540032e-45
1579.3855921855923 1.8082343533040541e-44
1580.3858363858365 9.877295621335708e-47
1581.3860805860807 2.454382959155027e-44
1582.3863247863248 1.0704614164113005e-44
1583.386568986569 9.572086670004002e-45
1584.3868131868132 2.8553742238561956e-44
1585.3870573870574 5.423996557820334e-44
1586.3873015873016 8.271245650790094e-44
1587.3875457875458 2.7950746925673257e-44
1588.38778998779 2.080351927660992e-44
1589.3880341880342 7.499388932072607e-45
1590.3882783882784 2.383593338852256e-45
1591.3885225885226 6.591046468228227e-45
1592.3887667887668 5.359244256880976e-46
1593.389010989011 2.45320718560532e-44
1594.3892551892552 2.0074492766253638e-44
1595.3894993894994 1.464059184803447e-44
1596.3897435897436 2.284491601463112e-44
1597.3899877899878 1.5812242634993257e-44
1598.390231990232 1.151975897606929e-44
1599.3904761904762 2.3405617628380603e-44
1600.3907203907204 3.7897900401348375e-45
1601.3909645909646 1.1119697312497723e-44
1602.3912087912088 3.18202034986348e-44
1603.391452991453 3.6402857218516155e-44
1604.3916971916972 5.133818231507129e-45
1605.3919413919414 1.4262064571064996e-44
1606.3921855921856 1.5850840738827866e-44
1607.3924297924298 4.380728618050505e-45
1608.392673992674 7.166687647838202e-45
1609.3929181929182 2.44783990125262e-44
1610.3931623931624 1.7419118790319765e-44
1611.3934065934066 5.639025805110086e-45
1612.3936507936507 4.7440872389571745e-46
1613.393894993895 5.395159870125902e-45
1614.3941391941391 8.87935382772859e-45
1615.3943833943833 4.960914670600161e-44
1616.3946275946275 1.7952198635050215e-44
1617.3948717948717 1.621178650727539e-44
1618.395115995116 3.935500306173158e-44
1619.3953601953601 1.6202982500613123e-44
1620.3956043956043 1.9657230299306766e-45
1621.3958485958485 8.085181949775633e-46
1622.3960927960927 1.40583618729657e-44
1623.396336996337 3.7353257555237875e-44
1624.396581196581 2.762205393864418e-44
1625.3968253968253 1.1768135754835202e-44
1626.3970695970695 8.304564758444058e-45
1627.3973137973137 2.1601902398819165e-44
1628.397557997558 1.2765204556425248e-44
1629.397802197802 7.96382129002236e-45
1630.3980463980463 1.371744241814324e-44
1631.3982905982905 1.509391199819483e-44
1632.398534798535 2.961913204210669e-44
1633.398778998779 2.2762970483140616e-44
1634.3990231990233 4.6453081833358843e-45
1635.3992673992675 7.701913798008855e-44
1636.3995115995117 5.177811532658527e-44
1637.399755799756 1.5488630323485773e-44
1638.4 1.4276554560572514e-44
1639.4002442002443 6.726749717862199e-45
1640.4004884004885 3.814321339477939e-45
1641.4007326007327 2.478015340402718e-44
1642.4009768009769 4.905028932022368e-44
1643.401221001221 2.8953733619988924e-44
1644.4014652014653 1.4923099731195487e-44
1645.4017094017095 5.407168372172515e-44
1646.4019536019537 2.8046121400967436e-44
1647.4021978021979 4.2040535600683594e-45
1648.402442002442 1.8866628459646343e-44
1649.4026862026863 3.5751677688499686e-44
1650.4029304029305 1.4083049235280642e-44
1651.4031746031746 1.0953009420256127e-44
1652.4034188034188 3.1659382343597356e-46
1653.403663003663 6.173574018047342e-45
1654.4039072039072 1.3538443863815782e-44
1655.4041514041514 4.1472315848336874e-44
1656.4043956043956 6.747394326634356e-45
1657.4046398046398 2.1475494793261087e-44
1658.404884004884 3.3708642707995155e-44
1659.4051282051282 8.215940191781654e-45
1660.4053724053724 1.394277144405502e-44
1661.4056166056166 5.8689143985732934e-46
1662.4058608058608 4.964341898568666e-44
1663.406105006105 7.762672276045743e-44
1664.4063492063492 1.0698869108468338e-44
1665.4065934065934 1.0734989718121797e-44
1666.4068376068376 2.5676516036788007e-44
1667.4070818070818 5.228390794118021e-45
1668.407326007326 3.5706806462930437e-45
1669.4075702075702 5.05459237863948e-44
1670.4078144078144 7.240693691665509e-44
1671.4080586080586 2.3449226311689163e-44
1672.4083028083028 2.629609509922856e-46
1673.408547008547 9.034980077068617e-45
1674.4087912087912 1.1496228135231721e-46
1675.4090354090354 5.0148012791569457e-45
1676.4092796092796 6.575637151618785e-45
1677.4095238095238 2.4723393701548066e-44
1678.409768009768 1.73500833490636e-44
1679.4100122100122 7.427612566234877e-44
1680.4102564102564 1.1200179327460503e-43
1681.4105006105005 5.853514740198948e-44
1682.4107448107447 2.5184513495593626e-44
1683.410989010989 7.7946909856898e-45
1684.4112332112331 1.5941074266706412e-45
1685.4114774114773 6.135091721491903e-45
1686.4117216117215 1.466472568652888e-44
1687.4119658119657 3.749562475805173e-44
1688.41221001221 5.202392828521041e-44
1689.4124542124541 5.82394431256339e-44
1690.4126984126983 3.525679321109198e-44
1691.4129426129425 1.8193484973788017e-46
1692.4131868131867 3.9568009516186733e-44
1693.413431013431 9.657287010051268e-44
1694.413675213675 1.603084274579133e-43
1695.4139194139193 5.649625990591486e-44
1696.4141636141635 2.6166980559703923e-45
1697.414407814408 1.4933976411492557e-44
1698.4146520146521 6.845395689084884e-45
1699.4148962148963 1.9285689814957595e-45
1700.4151404151405 4.8795696101801657e-45
1701.4153846153847 8.343321364930447e-46
1702.415628815629 3.068745901890404e-44
1703.415873015873 1.5127584221340886e-44
1704.4161172161173 3.007345762101049e-45
1705.4163614163615 7.027644043471305e-45
1706.4166056166057 1.3553481148299449e-45
1707.41684981685 4.03687353458232e-45
1708.417094017094 1.3782440203057438e-44
1709.4173382173383 2.340099916622411e-44
1710.4175824175825 1.6332722554854382e-45
1711.4178266178267 1.2305284926118968e-44
1712.4180708180709 1.8203537289983312e-44
1713.418315018315 8.696101063956818e-47
1714.4185592185593 6.003274447915045e-45
1715.4188034188035 4.690572274682829e-45
1716.4190476190477 2.7208523276319077e-44
1717.4192918192919 1.7178661949787947e-44
1718.419536019536 1.0726703775407637e-44
1719.4197802197803 1.0261135096680485e-44
1720.4200244200244 3.3564343881735927e-44
1721.4202686202686 5.877095638016462e-44
1722.4205128205128 1.9744023611611285e-44
1723.420757020757 6.427738100709467e-45
1724.4210012210012 3.124036266166809e-44
1725.4212454212454 2.251507507725056e-44
1726.4214896214896 7.555719792713832e-45
1727.4217338217338 5.1461147623787774e-45
1728.421978021978 7.502403005629557e-45
1729.4222222222222 8.275472008824082e-44
1730.4224664224664 1.1698589457070908e-43
1731.4227106227106 4.0094166850578416e-44
1732.4229548229548 3.967632111523474e-44
1733.423199023199 7.585663048363701e-45
1734.4234432234432 2.9667533042743857e-44
1735.4236874236874 6.454689271628375e-44
1736.4239316239316 4.084476960824885e-44
1737.4241758241758 2.3251829054892114e-45
1738.42442002442 5.078358302037143e-44
1739.4246642246642 6.845053810101143e-44
1740.4249084249084 1.3692146638279866e-44
1741.4251526251526 1.1889673976627596e-45
1742.4253968253968 1.1527415836221845e-44
1743.425641025641 2.9319116585027365e-45
1744.4258852258852 1.358658774161147e-44
1745.4261294261294 7.706811206602284e-45
1746.4263736263736 1.2212493265058084e-44
1747.4266178266178 1.2192423768871124e-44
1748.426862026862 3.83305264913741e-45
1749.4271062271062 4.58722683391594e-45
1750.4273504273503 3.3171792856047677e-44
1751.4275946275945 3.1806102741954345e-44
1752.4278388278387 7.52830468754155e-46
1753.428083028083 8.125974930520115e-45
1754.4283272283271 3.051521567800048e-44
1755.4285714285713 2.822383310258621e-44
1756.4288156288155 1.537731986462739e-44
1757.4290598290597 5.80827369449344e-44
1758.429304029304 6.879360893641285e-44
1759.4295482295481 4.954565236517993e-44
1760.4297924297925 1.959142599851247e-44
1761.4300366300367 1.943493082690298e-44
1762.430280830281 5.408728052092516e-45
1763.4305250305251 2.7072736162676853e-44
1764.4307692307693 2.100416274118852e-44
1765.4310134310135 5.4879285519414766e-45
1766.4312576312577 1.0326171317683932e-44
1767.431501831502 1.718899652737186e-44
1768.4317460317461 2.011858303997731e-44
1769.4319902319903 3.780226040255587e-44
1770.4322344322345 1.8919940907947597e-44
1771.4324786324787 2.595259353436722e-44
1772.432722832723 1.5390991548805967e-44
1773.432967032967 1.0044386341904415e-44
1774.4332112332113 7.266054276651886e-45
1775.4334554334555 5.5939271554055974e-46
1776.4336996336997 1.834450078298541e-44
1777.4339438339439 1.2397652141257813e-45
1778.434188034188 5.204115399586405e-44
1779.4344322344323 2.1861407739966647e-44
1780.4346764346765 1.1518875782045409e-44
1781.4349206349207 5.148433996240521e-45
1782.4351648351649 1.513319880721795e-44
1783.435409035409 4.587304568397332e-45
1784.4356532356533 1.1112906172278979e-44
1785.4358974358975 3.1746619168463816e-44
1786.4361416361417 3.430991615949929e-44
1787.4363858363859 2.867945801235696e-44
1788.43663003663 1.0133732927310924e-43
1789.4368742368742 6.020126305169252e-44
1790.4371184371184 3.1273395901294877e-44
1791.4373626373626 5.80322992962956e-45
1792.4376068376068 3.401620476451736e-44
1793.437851037851 2.8361003496347074e-44
1794.4380952380952 4.3172912287327545e-44
1795.4383394383394 1.5999036103514152e-44
1796.4385836385836 3.176026327079928e-45
1797.4388278388278 1.2778919946114012e-44
1798.439072039072 2.9252910928347944e-44
1799.4393162393162 3.3430131413438987e-44
1800.4395604395604 6.218498822393204e-44
1801.4398046398046 6.591157019243045e-44
1802.4400488400488 1.0657347730439885e-44
1803.440293040293 8.868428262343337e-45
1804.4405372405372 6.987480869107356e-45
1805.4407814407814 7.431512052668078e-45
1806.4410256410256 1.1808753100442035e-44
1807.4412698412698 2.842013935323679e-44
1808.441514041514 1.1963912817412203e-44
1809.4417582417582 1.1023931508855936e-44
1810.4420024420024 1.0545864513421377e-44
1811.4422466422466 6.9796307687412e-45
1812.4424908424908 1.965740169274288e-47
1813.442735042735 3.1890421352465277e-44
1814.4429792429792 2.2769507650578787e-44
1815.4432234432234 1.297141374413653e-44
1816.4434676434676 1.366345745281296e-44
1817.4437118437118 4.277563130024382e-44
1818.443956043956 9.532063299259527e-45
1819.4442002442001 7.555509754139882e-45
1820.4444444444443 7.909148145218813e-45
1821.4446886446885 1.5942463467479082e-44
1822.4449328449327 6.22913513728459e-44
1823.445177045177 3.1529034175744243e-44
1824.4454212454211 6.385283066244885e-45
1825.4456654456656 7.045067630681927e-44
1826.4459096459098 7.466117704274373e-44
1827.446153846154 9.493233200096027e-44
1828.4463980463981 5.067513982031085e-44
1829.4466422466423 9.573752392122715e-45
1830.4468864468865 1.3524347602131225e-44
1831.4471306471307 4.889621985454128e-46
1832.447374847375 2.9731050326096467e-44
1833.4476190476191 6.781305185510635e-44
1834.4478632478633 6.415471157906246e-44
1835.4481074481075 2.98744541641904e-44
1836.4483516483517 4.07055529873767e-45
1837.448595848596 2.117248588041732e-45
1838.44884004884 6.817566036877572e-45
1839.4490842490843 6.229057494953786e-45
1840.4493284493285 2.9900143560353665e-45
1841.4495726495727 1.7628202316650796e-44
1842.449816849817 3.979491966058194e-44
1843.450061050061 1.0810919679479592e-43
1844.4503052503053 9.304111849595867e-45
1845.4505494505495 4.67966610427522e-44
1846.4507936507937 2.4942266727123866e-44
1847.4510378510379 1.5796076694942817e-45
1848.451282051282 3.543151128629173e-44
1849.4515262515263 7.722205399665044e-44
1850.4517704517705 3.057140490734292e-45
1851.4520146520147 6.89045318118972e-44
1852.4522588522589 5.083788778092377e-44
1853.452503052503 1.4577827571099138e-44
1854.4527472527473 3.3231352136543774e-45
1855.4529914529915 1.413691581342483e-44
1856.4532356532357 3.256322812116347e-44
1857.4534798534798 7.512294330193234e-44
1858.453724053724 1.2745923466494068e-44
1859.4539682539682 4.8435774241727483e-45
1860.4542124542124 2.2616817657521197e-45
1861.4544566544566 1.3867684572274908e-44
1862.4547008547008 8.206006423474364e-45
1863.454945054945 3.756307254527549e-45
1864.4551892551892 3.6807819404956566e-44
1865.4554334554334 4.622239700483263e-44
1866.4556776556776 4.0092693347974766e-45
1867.4559218559218 1.2793153969137932e-44
1868.456166056166 2.413710874998992e-44
1869.4564102564102 4.518580340816107e-44
1870.4566544566544 6.370737853029634e-44
1871.4568986568986 1.3263024296945097e-44
1872.4571428571428 5.091969350319611e-45
1873.457387057387 3.9464834097469196e-44
1874.4576312576312 7.841400258545709e-44
1875.4578754578754 4.3330944647217477e-44
1876.4581196581196 7.348286262805766e-45
1877.4583638583638 2.1550367799928175e-45
1878.458608058608 2.718947201271817e-45
1879.4588522588522 3.262797622494915e-44
1880.4590964590964 1.1220608355747958e-44
1881.4593406593406 8.548905098878653e-44
1882.4595848595848 9.423415998487216e-44
1883.459829059829 3.9964110881505394e-45
1884.4600732600732 5.98747212014992e-44
1885.4603174603174 8.914980477770915e-44
1886.4605616605616 4.673427561838064e-44
1887.4608058608057 1.7290546833911862e-44
1888.4610500610502 3.1863230767656e-44
1889.4612942612944 6.832729827146355e-44
1890.4615384615386 2.5239232948609284e-44
1891.4617826617828 1.2188918809398888e-45
1892.462026862027 3.679742580325237e-45
1893.4622710622712 2.7105680314199636e-44
1894.4625152625154 2.8715370437064277e-44
1895.4627594627595 2.605035143925209e-44
1896.4630036630037 7.913607388016458e-45
1897.463247863248 6.646514587799185e-44
1898.4634920634921 4.510322046584592e-44
1899.4637362637363 3.620842274154122e-44
1900.4639804639805 7.643703147987997e-44
1901.4642246642247 7.660491936700874e-44
1902.464468864469 3.67491049087878e-44
1903.4647130647131 4.4519472449853486e-45
1904.4649572649573 1.2944600276858785e-44
1905.4652014652015 5.999848631202242e-44
1906.4654456654457 2.781907551638307e-44
1907.46568986569 2.267872904665276e-45
1908.465934065934 9.032939242713306e-45
1909.4661782661783 6.682438597295095e-44
1910.4664224664225 8.010166810966977e-44
1911.4666666666667 8.15714008759183e-45
1912.466910866911 1.7681511424695815e-45
1913.467155067155 2.0948732600290617e-44
1914.4673992673993 1.7776985055228385e-44
1915.4676434676435 3.2336848785318177e-44
1916.4678876678877 1.3665994209585923e-44
1917.4681318681319 3.022771466806031e-44
1918.468376068376 3.211740606963233e-44
1919.4686202686203 2.8048106317426464e-44
1920.4688644688645 3.0652922853235787e-44
1921.4691086691087 1.9951705879671746e-44
1922.4693528693529 1.566073243284143e-44
1923.469597069597 6.472296196491097e-44
1924.4698412698413 4.254549288430673e-44
1925.4700854700855 6.513087533468998e-45
1926.4703296703296 1.3996157091971428e-45
1927.4705738705738 5.457027734546584e-45
1928.470818070818 4.032806187945231e-45
1929.4710622710622 2.2916905198891504e-44
1930.4713064713064 5.558675295312376e-45
1931.4715506715506 2.0228601537627342e-45
1932.4717948717948 9.443571957656567e-45
1933.472039072039 7.759884212152541e-45
1934.4722832722832 3.0011803645084225e-45
1935.4725274725274 3.3717247775295735e-44
1936.4727716727716 3.495101259862822e-44
1937.4730158730158 5.387211055033421e-45
1938.47326007326 1.016793356354747e-45
1939.4735042735042 2.775637268836162e-47
1940.4737484737484 8.607340710019548e-45
1941.4739926739926 1.0000434134544225e-45
1942.4742368742368 3.0423111226994973e-44
1943.474481074481 2.5144160198830697e-44
1944.4747252747252 1.0248636390369745e-45
1945.4749694749694 2.0968496127382078e-44
1946.4752136752136 2.090802191904755e-45
1947.4754578754578 3.7737663949146306e-44
1948.475702075702 6.252844970851825e-45
1949.4759462759462 1.535032345408275e-44
1950.4761904761904 1.7505468767475475e-44
1951.4764346764346 2.8992797466604374e-45
1952.4766788766788 1.290559311944607e-44
1953.4769230769232 1.9454485360087698e-44
1954.4771672771674 8.105954322856416e-44
1955.4774114774116 2.816486253316425e-44
1956.4776556776558 7.691881351660739e-45
1957.4778998779 2.856065916768216e-45
1958.4781440781442 6.044664639940579e-45
1959.4783882783884 9.355660113042153e-45
1960.4786324786326 2.0091989833931087e-44
1961.4788766788768 1.9377142076213229e-44
1962.479120879121 4.639641570449185e-45
1963.4793650793652 4.3586999269807946e-47
1964.4796092796093 3.8936282708468337e-45
1965.4798534798535 4.598788398661185e-44
1966.4800976800977 5.767803043829613e-44
1967.480341880342 5.576826344885938e-45
1968.4805860805861 6.09002295086883e-45
1969.4808302808303 2.1319475548480862e-44
1970.4810744810745 1.188764697984211e-44
1971.4813186813187 3.096349310682616e-45
1972.481562881563 2.0937904999653167e-45
1973.4818070818071 2.0588234122637923e-44
1974.4820512820513 5.645419255771253e-45
1975.4822954822955 6.6825368986174e-45
1976.4825396825397 4.758880498262811e-44
1977.482783882784 2.0451554232859672e-44
1978.483028083028 2.244998136646895e-44
1979.4832722832723 4.6416670620513583e-45
1980.4835164835165 9.76320642612134e-45
1981.4837606837607 1.1171852792812518e-44
1982.484004884005 2.939314013969973e-44
1983.484249084249 1.6019544942164188e-44
1984.4844932844933 1.8899087900215864e-44
1985.4847374847375 4.4672853284449016e-44
1986.4849816849817 1.2060827572097424e-44
1987.4852258852259 1.4080367288396317e-45
1988.48547008547 2.0685352540651013e-45
1989.4857142857143 2.1796493175513558e-45
1990.4859584859585 2.9865028997763003e-44
1991.4862026862027 1.5480713097783776e-44
1992.4864468864469 8.98694393214009e-45
1993.486691086691 4.1092934758785435e-45
1994.4869352869352 7.49531104901036e-46
1995.4871794871794 7.876855496060199e-46
1996.4874236874236 1.4957821272304083e-44
1997.4876678876678 2.0626469569797483e-44
1998.487912087912 3.094122901325607e-44
1999.4881562881562 8.203995220767854e-45
2000.4884004884004 5.308370586564217e-44
2001.4886446886446 4.495693149556284e-44
2002.4888888888888 2.9689261699082015e-45
2003.489133089133 2.456759637458187e-45
2004.4893772893772 6.27091301234078e-45
2005.4896214896214 4.424857390710287e-45
2006.4898656898656 1.6436193234373478e-45
2007.4901098901098 1.51795429041779e-44
2008.490354090354 4.648318362621905e-44
2009.4905982905982 1.498446582232632e-44
2010.4908424908424 2.85196572857833e-45
2011.4910866910866 3.162438746983203e-44
2012.4913308913308 4.594445981846715e-44
2013.491575091575 1.690340990024308e-44
2014.4918192918192 1.7553890828021305e-44
2015.4920634920634 1.0742353183601703e-44
2016.4923076923078 1.1291291608208463e-44
2017.492551892552 1.2850222802206971e-44
2018.4927960927962 5.99270857203588e-45
2019.4930402930404 2.5702145295993648e-45
2020.4932844932846 1.0721936947021795e-44
2021.4935286935288 7.015602193218047e-45
2022.493772893773 1.585134688918161e-44
2023.4940170940172 1.5636804917988265e-44
2024.4942612942614 1.518207897368299e-45
2025.4945054945056 2.1010283624302123e-44
2026.4947496947498 2.821473108063688e-44
2027.494993894994 8.336316454164457e-46
2028.4952380952382 2.2351375966484422e-45
2029.4954822954824 1.8353446658602683e-45
2030.4957264957266 2.3421982834672975e-44
2031.4959706959708 1.9344406096648965e-44
2032.496214896215 7.644994452636907e-44
2033.4964590964591 5.033891206804711e-44
2034.4967032967033 4.472588998047976e-44
2035.4969474969475 8.343655644531958e-45
2036.4971916971917 2.7544902402486055e-44
2037.497435897436 2.246159335489932e-44
2038.4976800976801 2.5340445678302185e-44
2039.4979242979243 7.703074604023697e-45
2040.4981684981685 7.10642219124842e-45
2041.4984126984127 7.751766093158946e-45
2042.498656898657 3.058801688115137e-44
2043.4989010989011 3.449813721826285e-44
2044.4991452991453 9.165549343803454e-45
2045.4993894993895 3.8096002216673256e-45
2046.4996336996337 5.206525604678122e-45
2047.499877899878 9.784323314882508e-45
