0.0 6.78880413690038e-37
1.0002442002442002 4.242099574797062e-37
2.0004884004884005 3.80848904016668e-38
3.0007326007326007 4.675521812209376e-39
4.000976800976801 2.610891804763615e-39
5.001221001221001 2.6077657782782152e-39
6.0014652014652015 6.682613173259271e-39
7.001709401709402 1.1682043011972118e-38
8.001953601953602 1.8683239537866807e-38
9.002197802197802 1.2753627150733108e-38
10.002442002442002 1.8760615684673713e-38
11.002686202686203 2.999309694752914e-37
12.002930402930403 8.234068131335369e-37
13.003174603174603 5.2562371170662335e-37
14.003418803418803 9.67588439261266e-37
15.003663003663004 2.7809376437782497e-36
16.003907203907204 5.788160850899174e-36
17.004151404151404 1.5362529177905825e-35
18.004395604395604 1.530941850376369e-35
19.004639804639805 1.5866964082900906e-36
20.004884004884005 8.994887045841038e-38
21.005128205128205 4.30973193682371e-38
22.005372405372405 1.7264583323541236e-38
23.005616605616606 7.474499300464657e-39
24.005860805860806 5.134045573338339e-39
25.006105006105006 9.693767014608557e-39
26.006349206349206 8.893300358073785e-39
27.006593406593407 2.3895828688691e-39
28.006837606837607 7.2894749077721035e-40
29.007081807081807 6.5291373339188414e-40
30.007326007326007 7.680609630397148e-40
31.007570207570208 2.0965246405216007e-40
32.00781440781441 8.190889333160619e-41
33.008058608058604 6.019139686841788e-41
34.00830280830281 1.1721269303525613e-40
35.00854700854701 2.712685410750487e-40
36.00879120879121 7.29514723104593e-41
37.009035409035405 3.938450042415349e-42
38.00927960927961 5.555448113713349e-43
39.00952380952381 3.3514792003079543e-43
40.00976800976801 1.7243795810318065e-43
41.010012210012206 1.049060929621886e-43
42.01025641025641 8.39621415729945e-44
43.010500610500614 5.229053740145541e-44
44.01074481074481 5.041969492817933e-44
45.01098901098901 4.653016795875168e-44
46.01123321123321 3.881425021039812e-44
47.011477411477415 3.5602462450961095e-44
48.01172161172161 3.9563072127526563e-44
49.01196581196581 3.3496969942494895e-44
50.01221001221001 2.636340370387202e-44
51.012454212454216 2.5641998210760576e-44
52.01269841269841 2.6066071249522323e-44
53.01294261294261 2.586858533611204e-44
54.01318681318681 2.313941386447642e-44
55.01343101343102 2.290834529993146e-44
56.013675213675214 1.890384009642728e-44
57.01391941391941 1.9273231126466646e-44
58.014163614163614 2.3439329500253993e-44
59.01440781440782 4.75358952199095e-41
60.014652014652015 2.0185335292557307e-40
61.01489621489621 5.306092574403475e-41
62.015140415140415 1.7952312615708306e-44
63.01538461538462 1.4317999359563247e-44
64.01562881562882 1.2149908287125693e-44
65.01587301587301 1.212223046913409e-44
66.01611721611721 1.1291871039376442e-44
67.01636141636142 1.2012384339126427e-44
68.01660561660562 1.011602685471395e-44
69.01684981684981 1.1596736951080228e-44
70.01709401709402 1.0389494587934895e-44
71.01733821733822 1.0475218957539339e-44
72.01758241758242 1.0142517679848298e-44
73.01782661782661 1.072504365032914e-44
74.01807081807081 9.15482657909565e-45
75.01831501831502 9.449554295450375e-45
76.01855921855922 8.755743108967394e-45
77.01880341880342 7.6680525362521e-45
78.01904761904763 7.821332786600892e-45
79.01929181929182 7.658978763502346e-45
80.01953601953602 8.562749168577401e-45
81.01978021978022 7.704295006178455e-45
82.02002442002441 8.677220698034794e-45
83.02026862026862 6.571346237100895e-45
84.02051282051282 5.620695272161066e-45
85.02075702075702 7.915780702812125e-45
86.02100122100123 7.560748628840371e-45
87.02124542124542 7.484122684399613e-45
88.02148962148962 7.646982982639146e-45
89.02173382173382 7.59364178264026e-45
90.02197802197801 7.71427670991663e-45
91.02222222222223 6.708651890785788e-45
92.02246642246642 6.50953848519515e-45
93.02271062271062 8.538584362313198e-45
94.02295482295483 6.85169694367879e-45
95.02319902319903 6.123087544497412e-45
96.02344322344322 7.212388400627801e-45
97.02368742368742 8.620680535937608e-45
98.02393162393162 6.248854915126821e-45
99.02417582417583 6.249131223212472e-45
100.02442002442002 6.723127806054465e-45
101.02466422466422 5.952295742907643e-45
102.02490842490843 7.71445916682363e-45
103.02515262515263 6.81713178779623e-45
104.02539682539683 7.427836189089944e-45
105.02564102564102 7.383645769970775e-45
106.02588522588522 6.971802899508312e-45
107.02612942612943 5.871569512165373e-45
108.02637362637363 7.606908636587765e-45
109.02661782661782 7.548956860813669e-45
110.02686202686203 7.433915037829355e-45
111.02710622710623 6.80864165652792e-45
112.02735042735043 6.404216531761797e-45
113.02759462759462 7.128419406800381e-45
114.02783882783882 7.223624771029825e-45
115.02808302808303 7.042240385995945e-45
116.02832722832723 7.391657312520358e-45
117.02857142857142 6.423900518504733e-45
118.02881562881564 6.932328854516085e-45
119.02905982905983 7.989109396116736e-45
120.02930402930403 1.1191177461645899e-44
121.02954822954823 7.426166416157707e-45
122.02979242979242 6.902100522825194e-45
123.03003663003663 6.893221240963376e-45
124.03028083028083 6.735580005460026e-45
125.03052503052503 6.505397091756795e-45
126.03076923076924 6.346118257087519e-45
127.03101343101343 5.96173787550486e-45
128.03125763125763 6.798067042622327e-45
129.03150183150183 5.9738452322118e-45
130.03174603174602 6.050136873972018e-45
131.03199023199022 7.24635208173506e-45
132.03223443223442 7.175826002690587e-45
133.03247863247864 6.60634014190076e-45
134.03272283272284 5.69690274383129e-45
135.03296703296704 7.109228928650356e-45
136.03321123321123 6.796595889483593e-45
137.03345543345543 7.06394091235932e-45
138.03369963369963 7.206489862779039e-45
139.03394383394382 7.068584143104453e-45
140.03418803418805 7.162995286369146e-45
141.03443223443224 6.484580390262646e-45
142.03467643467644 6.39809494063751e-45
143.03492063492064 7.267070341227435e-45
144.03516483516484 7.436084145213324e-45
145.03540903540903 6.919359534852823e-45
146.03565323565323 7.510794587668452e-45
147.03589743589743 7.649248729186232e-45
148.03614163614162 6.787714090520983e-45
149.03638583638585 6.119817517915877e-45
150.03663003663004 5.728262307302698e-45
151.03687423687424 6.60161647297789e-45
152.03711843711844 6.44562237641245e-45
153.03736263736263 5.5863391663568645e-45
154.03760683760683 6.306529755930776e-45
155.03785103785103 7.033085251383852e-45
156.03809523809525 5.907368521972879e-45
157.03833943833945 7.167709666734194e-45
158.03858363858365 7.478691778329719e-45
159.03882783882784 7.760774161819341e-45
160.03907203907204 6.492223830918733e-45
161.03931623931624 8.342046162352576e-45
162.03956043956043 7.337638273791506e-45
163.03980463980463 6.039300279519757e-45
164.04004884004883 6.441156880171373e-45
165.04029304029305 6.78886172827712e-45
166.04053724053725 6.538307802309758e-45
167.04078144078144 6.1378540809121e-45
168.04102564102564 7.155454475514545e-45
169.04126984126984 7.23243359585806e-45
170.04151404151403 6.105121616170773e-45
171.04175824175823 6.711074507161756e-45
172.04200244200246 6.659238471464488e-45
173.04224664224665 5.553997183919529e-45
174.04249084249085 6.519604103153833e-45
175.04273504273505 7.833926353650467e-45
176.04297924297924 7.04812754497499e-45
177.04322344322344 6.503977756919585e-45
178.04346764346764 6.948662714864193e-45
179.04371184371183 7.246581339721818e-45
180.04395604395603 9.993574629882336e-45
181.04420024420025 7.767733107207773e-45
182.04444444444445 7.192447940878722e-45
183.04468864468865 5.3706187592619955e-45
184.04493284493284 6.38374807723683e-45
185.04517704517704 6.72451641231948e-45
186.04542124542124 7.533439014001618e-45
187.04566544566543 8.567391186880817e-45
188.04590964590966 7.137406605264634e-45
189.04615384615386 6.806268884067324e-45
190.04639804639805 6.887072432541837e-45
191.04664224664225 5.635872384029342e-45
192.04688644688645 6.217985501727926e-45
193.04713064713064 7.144740301630948e-45
194.04737484737484 7.662515713378186e-45
195.04761904761904 6.977379317778356e-45
196.04786324786323 6.878490026061689e-45
197.04810744810746 7.891865316957024e-45
198.04835164835166 6.905898894880895e-45
199.04859584859585 6.60639889375491e-45
200.04884004884005 5.861730813935869e-45
201.04908424908425 5.641055510427675e-45
202.04932844932844 6.82841698572693e-45
203.04957264957264 6.34392271075616e-45
204.04981684981686 5.5284274777848766e-45
205.05006105006106 5.579632134116504e-45
206.05030525030526 5.740049898417672e-45
207.05054945054945 6.919954568244942e-45
208.05079365079365 6.686711529577188e-45
209.05103785103785 5.530996758849654e-45
210.05128205128204 6.27992438888943e-45
211.05152625152624 6.261328384992255e-45
212.05177045177044 6.919506456180168e-45
213.05201465201466 6.800879467410845e-45
214.05225885225886 7.441014992841203e-45
215.05250305250306 7.471330416667022e-45
216.05274725274725 7.095917367411461e-45
217.05299145299145 6.724431066720901e-45
218.05323565323565 8.018867918866527e-45
219.05347985347984 7.302153882904952e-45
220.05372405372407 6.5645551592522e-45
221.05396825396826 6.930778414794162e-45
222.05421245421246 6.435488930475467e-45
223.05445665445666 6.758015745846283e-45
224.05470085470085 6.079621047728335e-45
225.05494505494505 6.197050444519134e-45
226.05518925518925 7.592341994746066e-45
227.05543345543344 8.094404353098844e-45
228.05567765567764 7.940983976802353e-45
229.05592185592187 5.254160743096013e-45
230.05616605616606 6.180901723770143e-45
231.05641025641026 5.785530739780397e-45
232.05665445665446 6.49822602238485e-45
233.05689865689865 6.612197667042121e-45
234.05714285714285 6.215970684693382e-45
235.05738705738705 6.892640497731805e-45
236.05763125763127 6.658029292969649e-45
237.05787545787547 7.731259398146293e-45
238.05811965811967 7.067958791107268e-45
239.05836385836386 6.74325596905508e-45
240.05860805860806 8.947548098391612e-45
241.05885225885226 7.556280856258685e-45
242.05909645909645 6.480559369845272e-45
243.05934065934065 6.938986620287176e-45
244.05958485958485 6.176605046458392e-45
245.05982905982907 6.394688548469794e-45
246.06007326007327 7.479881578492705e-45
247.06031746031746 7.192534701420043e-45
248.06056166056166 6.526692768857377e-45
249.06080586080586 5.930762498358079e-45
250.06105006105005 7.440112357606516e-45
251.06129426129425 7.971190732104183e-45
252.06153846153848 7.014815908948664e-45
253.06178266178267 7.284489850299523e-45
254.06202686202687 6.588850131050979e-45
255.06227106227107 5.83678231547193e-45
256.06251526251526 6.5537596805646e-45
257.06275946275946 6.871649272811029e-45
258.06300366300366 6.864946781578664e-45
259.06324786324785 6.509986194891385e-45
260.06349206349205 6.388976761554863e-45
261.06373626373625 6.303529260688525e-45
262.06398046398044 5.92850952532539e-45
263.06422466422464 5.93131329918433e-45
264.06446886446884 6.70488682641468e-45
265.0647130647131 7.296174175663937e-45
266.0649572649573 8.306774316438342e-45
267.0652014652015 7.573899655377752e-45
268.0654456654457 7.713742525366453e-45
269.0656898656899 7.321216550805166e-45
270.0659340659341 6.672320475364257e-45
271.06617826617827 7.350271631574711e-45
272.06642246642247 6.607062921824094e-45
273.06666666666666 7.464521317885852e-45
274.06691086691086 6.868951687854176e-45
275.06715506715506 6.397362255874675e-45
276.06739926739925 7.574407194457798e-45
277.06764346764345 8.244569879358965e-45
278.06788766788765 6.4091030594087e-45
279.06813186813184 7.482656278923498e-45
280.0683760683761 7.544639811789005e-45
281.0686202686203 7.2448735300233e-45
282.0688644688645 6.853911754167703e-45
283.0691086691087 7.018969481008483e-45
284.0693528693529 7.325791529899095e-45
285.0695970695971 6.508243162210162e-45
286.0698412698413 7.606714038298047e-45
287.0700854700855 7.010212051936197e-45
288.07032967032967 7.450244878106859e-45
289.07057387057387 7.368588437801537e-45
290.07081807081806 6.620482355014287e-45
291.07106227106226 7.099974705745508e-45
292.07130647130646 7.9157215317867e-45
293.07155067155065 7.450515097473543e-45
294.07179487179485 7.189486521280163e-45
295.07203907203905 7.476828725832406e-45
296.07228327228324 8.177882426330903e-45
297.0725274725275 8.481561310986816e-45
298.0727716727717 7.71120290392779e-45
299.0730158730159 6.90809775159296e-45
300.0732600732601 7.66498131919547e-45
301.0735042735043 7.442769611537435e-45
302.0737484737485 6.083899020200894e-45
303.0739926739927 7.798513231805494e-45
304.0742368742369 7.301077190224437e-45
305.07448107448107 8.298374314124435e-45
306.07472527472527 7.540795512132415e-45
307.07496947496946 7.293360359754291e-45
308.07521367521366 7.697117426863876e-45
309.07545787545786 7.47868137098044e-45
310.07570207570205 7.741249244014162e-44
311.07594627594625 3.603931435123672e-43
312.0761904761905 1.1271177095153706e-43
313.0764346764347 7.578198973784007e-45
314.0766788766789 7.294370666852448e-45
315.0769230769231 7.675185042838081e-45
316.0771672771673 7.391931569339318e-45
317.0774114774115 6.600360092745265e-45
318.0776556776557 8.935525378698641e-45
319.0778998778999 9.857181980987131e-45
320.0781440781441 8.808844961975661e-45
321.0783882783883 8.652165823321159e-45
322.07863247863247 8.146489863672493e-45
323.07887667887667 7.917891188908423e-45
324.07912087912086 7.118854508970106e-45
325.07936507936506 7.762027050218063e-45
326.07960927960926 1.0104056402907409e-44
327.07985347985345 2.7268081945939516e-44
328.08009768009765 3.450183143252441e-42
329.0803418803419 2.9920074350864706e-41
330.0805860805861 1.4814762413127617e-41
331.0808302808303 1.3518698589257675e-43
332.0810744810745 1.1329513962388874e-44
333.0813186813187 8.654824909633532e-45
334.0815628815629 1.400263301951938e-44
335.0818070818071 9.870997132913109e-44
336.0820512820513 9.205592838140067e-44
337.0822954822955 1.4097558407394406e-44
338.0825396825397 8.023702468214972e-45
339.0827838827839 7.007287284567019e-45
340.08302808302807 9.112407647567793e-45
341.08327228327227 1.2981414147508898e-44
342.08351648351646 3.157854408137078e-43
343.08376068376066 4.447880832423032e-42
344.0840048840049 5.559163556725856e-42
345.0842490842491 2.0081045310091927e-42
346.0844932844933 2.4692650292065433e-42
347.0847374847375 7.610795914678627e-42
348.0849816849817 1.4172588486146223e-42
349.0852258852259 2.1303399879447157e-44
350.0854700854701 1.2280804759817082e-43
351.0857142857143 9.597518551120461e-43
352.0859584859585 5.635570346467902e-43
353.0862026862027 9.97218544149726e-44
354.0864468864469 1.3769817643917757e-43
355.0866910866911 8.411334625564761e-44
356.0869352869353 8.137959331983687e-44
357.08717948717947 1.5478331168363299e-43
358.08742368742367 3.1048418132455292e-43
359.08766788766786 4.766480702363116e-43
360.08791208791206 5.241364964725366e-43
361.0881562881563 7.527227733568466e-43
362.0884004884005 2.2633089026814803e-42
363.0886446886447 6.099161517283434e-42
364.0888888888889 7.272673410939157e-42
365.0891330891331 1.120766392960169e-41
366.0893772893773 3.1481559458753496e-41
367.0896214896215 2.153282260031698e-40
368.0898656898657 4.317009184262999e-38
369.0901098901099 1.0136051965346779e-37
370.0903540903541 1.4434806032842832e-38
371.0905982905983 1.0821890248604306e-40
372.0908424908425 2.660003188716681e-41
373.0910866910867 8.768635353379527e-42
374.09133089133087 7.175436432637175e-42
375.09157509157507 5.0768080947142285e-42
376.0918192918193 1.3698117583922576e-42
377.0920634920635 7.909852164663925e-43
378.0923076923077 6.005047017364327e-43
379.0925518925519 5.079224973271556e-43
380.0927960927961 2.102157828389202e-43
381.0930402930403 1.2776463782310717e-43
382.0932844932845 7.765098126406366e-44
383.0935286935287 1.2177233638512155e-43
384.0937728937729 1.3648734708069089e-43
385.0940170940171 1.4123230462450433e-43
386.0942612942613 9.438382582347e-43
387.0945054945055 6.422927247421797e-43
388.0947496947497 3.218772877106206e-44
389.0949938949939 1.2058521883645909e-44
390.0952380952381 7.132481439508293e-45
391.09548229548227 7.779717156625295e-45
392.09572649572647 7.482566944836208e-45
393.0959706959707 7.835377403904038e-45
394.0962148962149 8.653879869360105e-45
395.0964590964591 7.888013359151323e-45
396.0967032967033 1.1186164694853718e-44
397.0969474969475 1.6114083795920297e-44
398.0971916971917 7.543470497775541e-45
399.0974358974359 6.660744610490972e-45
400.0976800976801 7.100292018038725e-45
401.0979242979243 8.71744198645367e-45
402.0981684981685 7.81602257487987e-45
403.0984126984127 8.37065869456711e-45
404.0986568986569 9.559764748365099e-45
405.0989010989011 8.49448745113787e-45
406.0991452991453 7.714583239880566e-45
407.0993894993895 6.876666734082106e-45
408.0996336996337 7.395521944292245e-45
409.0998778998779 8.631711602926458e-45
410.1001221001221 8.201429675034474e-45
411.1003663003663 8.125397255048237e-45
412.1006105006105 8.852991503722017e-45
413.1008547008547 7.000483532148302e-45
414.1010989010989 7.450025311723811e-45
415.1013431013431 6.975459384049587e-45
416.1015873015873 7.440048602607602e-45
417.1018315018315 6.912112849322239e-45
418.1020757020757 7.937207689236344e-45
419.1023199023199 8.232579546638739e-45
420.1025641025641 8.608353639720564e-45
421.1028083028083 7.774270928386984e-45
422.1030525030525 7.451141373397785e-45
423.1032967032967 8.500888497766115e-45
424.1035409035409 7.424707969158207e-45
425.1037851037851 8.154171341107514e-45
426.1040293040293 8.783005187311774e-45
427.1042735042735 7.396473456167343e-45
428.1045177045177 8.354571760049467e-45
429.1047619047619 7.193519767432044e-45
430.1050061050061 8.135972863729618e-45
431.1052503052503 9.446799923174603e-45
432.1054945054945 8.175212191287668e-45
433.1057387057387 8.820308113684912e-45
434.1059829059829 8.7282533961202e-45
435.1062271062271 7.885666696235525e-45
436.1064713064713 7.83850632515893e-45
437.1067155067155 7.541939711336959e-45
438.1069597069597 7.037480741041546e-45
439.1072039072039 7.458399841080564e-45
440.10744810744814 6.852064791392887e-45
441.10769230769233 8.388992011371e-45
442.10793650793653 7.051625308864606e-45
443.1081807081807 8.043042150698369e-45
444.1084249084249 9.060602920634573e-45
445.1086691086691 8.948099758284383e-45
446.1089133089133 9.153452811577423e-45
447.1091575091575 7.942370968774475e-45
448.1094017094017 9.264287683451417e-45
449.1096459096459 8.724160385415597e-45
450.1098901098901 9.334959208813236e-45
451.1101343101343 8.341940360795889e-45
452.1103785103785 8.794406564025472e-45
453.1106227106227 1.0252696823074428e-44
454.1108669108669 8.607974676415445e-45
455.1111111111111 8.35084262436426e-45
456.1113553113553 8.188250867270436e-45
457.11159951159954 8.483337383958299e-45
458.11184371184373 8.690696241035818e-45
459.11208791208793 8.229679741587788e-45
460.1123321123321 7.924162703430997e-45
461.1125763125763 8.305398447971756e-45
462.1128205128205 7.933696262882248e-45
463.1130647130647 7.052941342639384e-45
464.1133089133089 8.397595857661728e-45
465.1135531135531 7.547880252089518e-45
466.1137973137973 9.214859400072894e-45
467.1140415140415 8.068728383662927e-45
468.1142857142857 8.692209732190361e-45
469.1145299145299 9.342064469245117e-45
470.1147741147741 7.694964557046222e-45
471.1150183150183 6.880015386757376e-45
472.11526251526254 7.989308555435021e-45
473.11550671550674 9.568926777444183e-45
474.11575091575094 8.408082229098768e-45
475.11599511599513 8.114012472669938e-45
476.11623931623933 7.412271258896401e-45
477.1164835164835 8.44925042903598e-45
478.1167277167277 8.380449316654494e-45
479.1169719169719 8.963076821518029e-45
480.1172161172161 8.595598101360456e-45
481.1174603174603 9.005122715861259e-45
482.1177045177045 8.108657458073887e-45
483.1179487179487 9.820822334713329e-45
484.1181929181929 8.404687464244614e-45
485.1184371184371 9.32544865961168e-45
486.1186813186813 8.516492173015758e-45
487.1189255189255 9.578494068030887e-45
488.1191697191697 1.031613998852454e-44
489.11941391941394 8.498789423707822e-45
490.11965811965814 8.210214881513858e-45
491.11990231990234 8.772970314786734e-45
492.12014652014653 8.832937755364908e-45
493.12039072039073 9.276680304580553e-45
494.1206349206349 8.146531494206366e-45
495.1208791208791 9.311516147173301e-45
496.1211233211233 8.195387104403932e-45
497.1213675213675 9.071096913573874e-45
498.1216117216117 9.448249423468587e-45
499.1218559218559 8.031837577193788e-45
500.1221001221001 7.97306954609899e-45
501.1223443223443 8.700365123894528e-45
502.1225885225885 7.630357274060791e-45
503.1228327228327 9.600322131302512e-45
504.12307692307695 9.353171054215328e-45
505.12332112332115 9.552953584761333e-45
506.12356532356534 8.856493057144883e-45
507.12380952380954 8.180241403299355e-45
508.12405372405374 8.392577955957884e-45
509.12429792429793 9.288566166313419e-45
510.12454212454213 9.276668648337457e-45
511.1247863247863 1.0271442971629847e-44
512.1250305250305 9.345462123499338e-45
513.1252747252747 8.427764659337815e-45
514.1255189255189 7.589087150646179e-45
515.1257631257631 6.224984007059575e-45
516.1260073260073 8.443048362176448e-45
517.1262515262515 9.834390583152064e-45
518.1264957264957 8.695869556730502e-45
519.1267399267399 8.433742657974484e-45
520.1269841269841 8.306598916589914e-45
521.1272283272283 8.197776872931203e-45
522.1274725274725 8.885042902327095e-45
523.1277167277167 7.537408188025139e-45
524.1279609279609 9.723185236755369e-45
525.1282051282051 9.16349174925154e-45
526.1284493284493 9.686499199568674e-45
527.1286935286935 1.125950552015242e-44
528.1289377289377 9.874665224736979e-45
529.129181929182 9.115458520787937e-45
530.1294261294262 9.795094515714455e-45
531.1296703296704 8.317921509414895e-45
532.1299145299146 9.371164520900296e-45
533.1301587301588 1.1152928694432621e-44
534.130402930403 8.313454272244018e-45
535.1306471306472 1.0128822373239172e-44
536.1308913308914 1.0078946389376211e-44
537.1311355311356 9.499307204730452e-45
538.1313797313798 9.667665567061426e-45
539.131623931624 9.988998635997649e-45
540.1318681318681 1.2597979180330346e-44
541.1321123321123 1.0816619605960698e-44
542.1323565323565 9.603850308719118e-45
543.1326007326007 9.534967495324084e-45
544.1328449328449 9.356759540814042e-45
545.1330891330891 8.401775133746295e-45
546.1333333333333 8.739899008381318e-45
547.1335775335775 9.108882552801585e-45
548.1338217338217 1.1206208562758125e-44
549.1340659340659 1.0927122238663221e-44
550.1343101343101 1.0963946907267782e-44
551.1345543345543 8.557234166464678e-45
552.1347985347985 8.199389698138569e-45
553.1350427350427 9.643847264823996e-45
554.1352869352869 1.0350642783942309e-44
555.1355311355311 9.937939038601099e-45
556.1357753357753 9.256061723594456e-45
557.1360195360195 9.965009628398433e-45
558.1362637362637 9.066597589793808e-45
559.1365079365079 1.0001922582030148e-44
560.1367521367522 1.1156351193870818e-44
561.1369963369964 1.0836922908837706e-44
562.1372405372406 9.281437138184239e-45
563.1374847374848 9.00264510985868e-45
564.137728937729 9.682165592300837e-45
565.1379731379732 9.278882662831632e-45
566.1382173382174 9.379916043942359e-45
567.1384615384616 9.55189840705206e-45
568.1387057387058 9.264041241365854e-45
569.13894993895 1.0418637103898282e-44
570.1391941391942 9.217349198575498e-45
571.1394383394384 1.0095599355522877e-44
572.1396825396826 1.0460067099540017e-44
573.1399267399268 1.0899934570760703e-44
574.140170940171 9.93657285111663e-45
575.1404151404151 9.089134163624016e-45
576.1406593406593 8.855006010995213e-45
577.1409035409035 9.57773333409418e-45
578.1411477411477 9.753895153154374e-45
579.1413919413919 9.54748134812219e-45
580.1416361416361 8.369770975184435e-45
581.1418803418803 1.02907256971586e-44
582.1421245421245 8.873039044150712e-45
583.1423687423687 7.301815692909413e-45
584.1426129426129 9.075160897256301e-45
585.1428571428571 9.798961094520685e-45
586.1431013431013 9.58568990993938e-45
587.1433455433455 7.952207136650468e-45
588.1435897435897 9.009944609750595e-45
589.1438339438339 1.1559650841178573e-44
590.1440781440781 1.1392944668457352e-44
591.1443223443223 9.631457341563913e-45
592.1445665445665 9.439129522245583e-45
593.1448107448108 1.0165116738232888e-44
594.145054945055 1.0259985543040238e-44
595.1452991452992 1.0171168835738603e-44
596.1455433455434 9.26409561014987e-45
597.1457875457876 8.601016523250767e-45
598.1460317460318 9.802532636126739e-45
599.146275946276 9.728306557133982e-45
600.1465201465202 1.0737971148912692e-44
601.1467643467644 1.1040263060214058e-44
602.1470085470086 1.0474414761481313e-44
603.1472527472528 1.0109665817129987e-44
604.147496947497 8.647753503444709e-45
605.1477411477412 9.014649621349181e-45
606.1479853479854 8.013896330489008e-45
607.1482295482296 1.1104109779998385e-44
608.1484737484737 1.0863273133357275e-44
609.148717948718 1.064371790958832e-44
610.1489621489621 1.0232732391693308e-44
611.1492063492063 1.055131293002419e-44
612.1494505494505 1.0786377556877917e-44
613.1496947496947 1.0797850768491471e-44
614.1499389499389 1.1488087115502975e-44
615.1501831501831 1.1152270649655047e-44
616.1504273504273 1.0892848180635872e-44
617.1506715506715 9.931210675582202e-45
618.1509157509157 9.973310661890061e-45
619.1511599511599 1.1372134883843203e-44
620.1514041514041 1.1022934794120264e-44
621.1516483516483 1.2372443264829619e-44
622.1518925518925 1.0968118003079093e-44
623.1521367521367 9.920766285517879e-45
624.152380952381 9.790390177073754e-45
625.1526251526252 1.03703808750115e-44
626.1528693528694 1.1009969920936847e-44
627.1531135531136 1.0203910427372565e-44
628.1533577533578 9.542826537810146e-45
629.153601953602 1.1048983970979837e-44
630.1538461538462 8.877137912446628e-45
631.1540903540904 9.459055751304021e-45
632.1543345543346 1.1445449068249957e-44
633.1545787545788 1.0141100471087682e-44
634.154822954823 1.1027069666016391e-44
635.1550671550672 1.2001140728188292e-44
636.1553113553114 1.3582245038676427e-44
637.1555555555556 1.1321458526677687e-44
638.1557997557998 1.0358369877799587e-44
639.156043956044 1.131246653671522e-44
640.1562881562882 1.021152281783785e-44
641.1565323565324 1.0984421742152168e-44
642.1567765567765 1.0753375535639573e-44
643.1570207570207 1.1250154226607054e-44
644.1572649572649 1.0153056890469299e-44
645.1575091575091 9.584031764844508e-45
646.1577533577533 1.0977823139337932e-44
647.1579975579975 1.1581310276599991e-44
648.1582417582417 1.0839926565809692e-44
649.1584859584859 9.847239128758968e-45
650.1587301587301 1.057653763967987e-44
651.1589743589743 1.0722940227090238e-44
652.1592185592185 1.233717075505759e-44
653.1594627594627 9.912051480764596e-45
654.1597069597069 1.175175456674776e-44
655.1599511599511 9.656179745298698e-45
656.1601953601953 1.0504226799231234e-44
657.1604395604396 1.1266366507687541e-44
658.1606837606838 1.2296116549271492e-44
659.160927960928 1.1540852063614532e-44
660.1611721611722 1.165917402522997e-44
661.1614163614164 1.1367595031835614e-44
662.1616605616606 1.0883925173172392e-44
663.1619047619048 1.1000119468729442e-44
664.162148962149 1.1446853542297697e-44
665.1623931623932 9.735133883323573e-45
666.1626373626374 1.1021702680613475e-44
667.1628815628816 1.2841126449497365e-44
668.1631257631258 1.211590427691395e-44
669.16336996337 1.0284852465971453e-44
670.1636141636142 1.1490057647213457e-44
671.1638583638584 1.2185627889761438e-44
672.1641025641026 1.1179604499187272e-44
673.1643467643468 1.0769727877022932e-44
674.164590964591 1.0858275310033688e-44
675.1648351648352 1.0217413566892769e-44
676.1650793650794 1.1424453446582164e-44
677.1653235653235 1.0916942354515646e-44
678.1655677655677 1.062241194073176e-44
679.1658119658119 1.0625433095926384e-44
680.1660561660561 1.1412660989470875e-44
681.1663003663003 1.0605180487689544e-44
682.1665445665445 1.102539550725556e-44
683.1667887667887 9.890859137189817e-45
684.1670329670329 1.0159674821260942e-44
685.1672771672771 2.432696605304009e-44
686.1675213675213 2.1832439574279023e-43
687.1677655677655 5.403222757191003e-43
688.1680097680098 2.9711382977616983e-43
689.168253968254 2.9163030074308437e-43
690.1684981684982 5.56202247678638e-44
691.1687423687424 1.1534838046675687e-44
692.1689865689866 1.5387001100402671e-44
693.1692307692308 3.110168340055398e-43
694.169474969475 8.655280586043277e-43
695.1697191697192 1.8803502923458803e-43
696.1699633699634 1.3174799981947848e-44
697.1702075702076 1.0047201534108824e-44
698.1704517704518 9.094931119265169e-45
699.170695970696 9.636084673905343e-45
700.1709401709402 1.159631351992007e-44
701.1711843711844 1.0264635850398646e-44
702.1714285714286 1.113662196977515e-44
703.1716727716728 9.849710975806662e-45
704.171916971917 1.151374042441679e-44
705.1721611721612 1.182162101845216e-44
706.1724053724054 1.0897955885541075e-44
707.1726495726496 1.1707001353435125e-44
708.1728937728938 1.0377983972480589e-44
709.173137973138 1.154445738477399e-44
710.1733821733822 1.082499754810295e-44
711.1736263736263 1.1515956666062684e-44
712.1738705738705 1.2459548957309093e-44
713.1741147741147 9.84144905403359e-45
714.1743589743589 1.1027791670806271e-44
715.1746031746031 1.12550694469911e-44
716.1748473748473 1.2609162464680206e-44
717.1750915750915 1.194990014927852e-44
718.1753357753357 1.2270557932120492e-44
719.1755799755799 1.2302412084264186e-44
720.1758241758241 1.2378896012279693e-44
721.1760683760684 1.0801486219559897e-44
722.1763125763126 1.0068396579826457e-44
723.1765567765568 1.200364785297923e-44
724.176800976801 1.255329299095856e-44
725.1770451770452 1.0852132770170977e-44
726.1772893772894 1.2692630334595638e-44
727.1775335775336 1.2618357365414952e-44
728.1777777777778 1.2305748009055256e-44
729.178021978022 1.0838928669197193e-44
730.1782661782662 1.096449106481423e-44
731.1785103785104 1.1409439827260796e-44
732.1787545787546 1.1532025066748058e-44
733.1789987789988 1.205135586698871e-44
734.179242979243 1.1717653514621442e-44
735.1794871794872 1.0670431497611741e-44
736.1797313797314 1.1894956220127438e-44
737.1799755799756 1.3219457066606895e-44
738.1802197802198 1.220178814751963e-44
739.180463980464 1.27063705155273e-44
740.1807081807082 1.218024490062829e-44
741.1809523809524 1.1533025556543032e-44
742.1811965811966 1.0744665398754876e-44
743.1814407814408 1.0467792970988326e-44
744.181684981685 1.1046363286810042e-44
745.1819291819291 9.755081715701788e-45
746.1821733821733 1.1992094167738333e-44
747.1824175824175 1.0990462884532343e-44
748.1826617826617 1.0772329420474421e-44
749.1829059829059 1.0653580217896835e-44
750.1831501831501 1.2192545552576712e-44
751.1833943833943 9.439991295131921e-45
752.1836385836386 9.763854183829317e-45
753.1838827838828 1.2350080337607038e-44
754.184126984127 1.2081914336612264e-44
755.1843711843712 1.0522602967703566e-44
756.1846153846154 9.745680556235191e-45
757.1848595848596 1.2401533775881288e-44
758.1851037851038 1.0883673907069572e-44
759.185347985348 1.1705656997548717e-44
760.1855921855922 1.1653083482044183e-44
761.1858363858364 1.1421982315409802e-44
762.1860805860806 9.192299507040159e-45
763.1863247863248 1.0907059116592663e-44
764.186568986569 1.0476244628086667e-44
765.1868131868132 1.2962525313771975e-44
766.1870573870574 1.194470610924747e-44
767.1873015873016 1.2332073362819375e-44
768.1875457875458 9.9893983716647e-45
769.18778998779 1.1944556177527955e-44
770.1880341880342 1.3074550624322322e-44
771.1882783882784 1.266892071516649e-44
772.1885225885226 1.2553358010710577e-44
773.1887667887668 1.2237271344147305e-44
774.189010989011 1.259890565761475e-44
775.1892551892552 1.0488893382688389e-44
776.1894993894994 1.2241981386196394e-44
777.1897435897436 1.1163637342081885e-44
778.1899877899878 9.764227027585636e-45
779.190231990232 9.306144878430627e-45
780.1904761904761 1.2558419903965382e-44
781.1907203907203 1.2575370195534487e-44
782.1909645909645 1.0981549830308953e-44
783.1912087912087 1.1208284841650191e-44
784.1914529914529 1.0642540485702251e-44
785.1916971916972 1.0432417167182197e-44
786.1919413919414 1.2312021690570065e-44
787.1921855921856 1.1808913738163425e-44
788.1924297924298 1.128047771121516e-44
789.192673992674 1.3137004522873766e-44
790.1929181929182 1.3151104275969883e-44
791.1931623931624 1.336587889871409e-44
792.1934065934066 1.4204024643446475e-44
793.1936507936508 1.0348816597587478e-44
794.193894993895 1.0848454646246921e-44
795.1941391941392 1.0956491945468394e-44
796.1943833943834 1.2627977790842906e-44
797.1946275946276 1.1739760630849713e-44
798.1948717948718 1.392519124169711e-44
799.195115995116 1.2302220385122228e-44
800.1953601953602 1.3683160410911508e-44
801.1956043956044 1.2953887713843567e-44
802.1958485958486 1.2959606818724618e-44
803.1960927960928 1.2713529997001651e-44
804.196336996337 1.2182362559838808e-44
805.1965811965812 1.0878196199891374e-44
806.1968253968254 1.1930595088605626e-44
807.1970695970696 1.3264883773648884e-44
808.1973137973138 1.3423477180670384e-44
809.197557997558 1.0055911407601394e-44
810.1978021978022 1.1862798819156917e-44
811.1980463980464 1.2320768896620978e-44
812.1982905982906 1.1206664576546904e-44
813.1985347985348 1.2221974165013747e-44
814.198778998779 1.1829529812747635e-44
815.1990231990231 1.2256268568464148e-44
816.1992673992675 1.298841160815347e-44
817.1995115995117 1.362439011914571e-44
818.1997557997558 1.2068755349114175e-44
819.2 1.085522088222018e-44
820.2002442002442 1.2891040471122025e-44
821.2004884004884 1.2502408952654957e-44
822.2007326007326 1.2198328459979237e-44
823.2009768009768 1.3354448609697385e-44
824.201221001221 1.2650735169281157e-44
825.2014652014652 1.307982702852474e-44
826.2017094017094 1.1907291901232963e-44
827.2019536019536 1.307919808102649e-44
828.2021978021978 1.171959191226813e-44
829.202442002442 1.2097870847079076e-44
830.2026862026862 1.216830116927783e-44
831.2029304029304 1.2812164873385848e-44
832.2031746031746 1.1887684645328828e-44
833.2034188034188 1.247677818083897e-44
834.203663003663 1.1772630046413072e-44
835.2039072039072 1.237006581142369e-44
836.2041514041514 1.3182167972054436e-44
837.2043956043956 1.3084540123691215e-44
838.2046398046398 1.3349666689409463e-44
839.204884004884 1.332417754338635e-44
840.2051282051282 1.3877711285748557e-44
841.2053724053724 1.1986258176538537e-44
842.2056166056166 1.1595926201993936e-44
843.2058608058608 1.4676670241623223e-44
844.206105006105 1.2692612714542854e-44
845.2063492063492 1.0361422672797655e-44
846.2065934065934 1.324152653940447e-44
847.2068376068376 1.361248561238138e-44
848.2070818070817 1.2187697732074438e-44
849.2073260073261 1.364527679338662e-44
850.2075702075703 1.5031775760935714e-44
851.2078144078145 1.24754594308427e-44
852.2080586080586 1.1625000875259202e-44
853.2083028083028 1.1032762080427254e-44
854.208547008547 1.2494802098747473e-44
855.2087912087912 1.2875126861650083e-44
856.2090354090354 1.2264172218349933e-44
857.2092796092796 1.2533196387315794e-44
858.2095238095238 1.436064071216831e-44
859.209768009768 1.2715867976802308e-44
860.2100122100122 1.1590948634696622e-44
861.2102564102564 1.1323371565684072e-44
862.2105006105006 1.3279946898216573e-44
863.2107448107448 1.1320449103852162e-44
864.210989010989 1.335740759680027e-44
865.2112332112332 1.2289234088483658e-44
866.2114774114774 1.3006167355920921e-44
867.2117216117216 1.3163847664221426e-44
868.2119658119658 1.2567489940538346e-44
869.21221001221 1.2178396598031142e-44
870.2124542124542 1.2534450094710735e-44
871.2126984126984 1.4673660908063161e-44
872.2129426129426 1.5845865872468534e-44
873.2131868131868 1.2866571937233062e-44
874.213431013431 1.388959922232259e-44
875.2136752136752 1.5595552303194803e-44
876.2139194139194 1.553938180965591e-44
877.2141636141636 1.3940065824453326e-44
878.2144078144078 1.2320997235350633e-44
879.214652014652 1.2498558399174264e-44
880.2148962148963 1.4393194667131253e-44
881.2151404151405 1.5118835600218295e-44
882.2153846153847 1.5166599180429663e-44
883.2156288156289 1.5714385399219092e-44
884.2158730158731 1.4562731816770172e-44
885.2161172161173 1.5202174871410906e-44
886.2163614163615 1.2165958031152558e-44
887.2166056166056 1.1765384402143937e-44
888.2168498168498 1.219438979195711e-44
889.217094017094 1.524267767579079e-44
890.2173382173382 1.5101754570239902e-44
891.2175824175824 1.5861734874657398e-44
892.2178266178266 1.454667500506953e-44
893.2180708180708 1.1528519766065984e-44
894.218315018315 1.3436490785235752e-44
895.2185592185592 1.4004443659840193e-44
896.2188034188034 1.5031868881723604e-44
897.2190476190476 1.365765009705651e-44
898.2192918192918 1.283875345334195e-44
899.219536019536 1.1806366847856418e-44
900.2197802197802 1.6236890704202968e-44
901.2200244200244 1.3219114199694117e-44
902.2202686202686 1.335408094501421e-44
903.2205128205128 1.265209759222929e-44
904.220757020757 1.4791197248977492e-44
905.2210012210012 1.247551815024026e-44
906.2212454212454 1.4548709045840716e-44
907.2214896214896 1.3560391206605675e-44
908.2217338217338 1.234712097931548e-44
909.221978021978 1.3933798808073555e-44
910.2222222222222 1.469402715823159e-44
911.2224664224664 1.354131984521135e-44
912.2227106227106 1.25816940201693e-44
913.2229548229549 1.3226014390442189e-44
914.2231990231991 1.4295076433069743e-44
915.2234432234433 1.4233152358415608e-44
916.2236874236875 1.2542180244115931e-44
917.2239316239317 1.1526482596234144e-44
918.2241758241759 1.1945785403371224e-44
919.22442002442 1.4585773228891943e-44
920.2246642246643 1.5952611916565976e-44
921.2249084249084 1.2324109410787718e-44
922.2251526251526 1.4979201444945593e-44
923.2253968253968 1.4257605203345955e-44
924.225641025641 1.43911648906437e-44
925.2258852258852 1.2969058417691178e-44
926.2261294261294 1.3491121780869228e-44
927.2263736263736 1.6240472491271724e-44
928.2266178266178 1.5744521635600924e-44
929.226862026862 1.6546058098977797e-44
930.2271062271062 1.2183527584916433e-44
931.2273504273504 1.3704862979807218e-44
932.2275946275946 1.4090720733072176e-44
933.2278388278388 1.2947914907269328e-44
934.228083028083 1.251411616713252e-44
935.2283272283272 1.2780726133084835e-44
936.2285714285714 1.5022898971526197e-44
937.2288156288156 1.317799653032749e-44
938.2290598290598 1.5143770038017425e-44
939.229304029304 1.405880804325127e-44
940.2295482295482 1.4666698231704746e-44
941.2297924297924 1.5734236394112776e-44
942.2300366300366 1.3900399444205917e-44
943.2302808302808 1.477634047067087e-44
944.2305250305251 1.6099991748850436e-44
945.2307692307693 1.515364985203299e-44
946.2310134310135 1.5271472775113767e-44
947.2312576312577 1.527879310766532e-44
948.2315018315019 1.6078829689045525e-44
949.2317460317461 1.592956532581973e-44
950.2319902319903 1.7403015204292222e-44
951.2322344322345 1.5020510821359653e-44
952.2324786324787 1.680825554134211e-44
953.2327228327229 1.3736898974826617e-44
954.232967032967 1.391978566243929e-44
955.2332112332113 1.5884814969049515e-44
956.2334554334554 1.6177462675637888e-44
957.2336996336996 1.471035922252121e-44
958.2339438339438 1.4733208729269158e-44
959.234188034188 1.5373750464958138e-44
960.2344322344322 1.5710241706794448e-44
961.2346764346764 1.7168973592934466e-44
962.2349206349206 1.4326145279185877e-44
963.2351648351648 1.512124661610707e-44
964.235409035409 1.3540127752376043e-44
965.2356532356532 1.5955779211993167e-44
966.2358974358974 1.6771424844983923e-44
967.2361416361416 1.6342259519019705e-44
968.2363858363858 1.4900796288532661e-44
969.23663003663 1.699010333799913e-44
970.2368742368742 1.6590896754918493e-44
971.2371184371184 1.658201570777677e-44
972.2373626373626 1.4551154379182032e-44
973.2376068376068 1.3794619677354645e-44
974.237851037851 1.7078035309494072e-44
975.2380952380952 1.5674306697757283e-44
976.2383394383394 1.2978973708461226e-44
977.2385836385837 1.395149361545912e-44
978.2388278388279 1.5915539455066268e-44
979.2390720390721 1.4597460906968204e-44
980.2393162393163 1.4531701897829648e-44
981.2395604395605 1.3305994890346274e-44
982.2398046398047 1.4703089052392337e-44
983.2400488400489 1.4658468873984704e-44
984.2402930402931 1.5690242510412542e-44
985.2405372405373 1.6115637273411976e-44
986.2407814407815 1.4532247568275762e-44
987.2410256410257 1.3905231390674335e-44
988.2412698412699 1.5940483342130324e-44
989.241514041514 1.6560664103131673e-44
990.2417582417582 1.437128141397069e-44
991.2420024420024 1.382771975468853e-44
992.2422466422466 1.284771352538995e-44
993.2424908424908 1.677761999489499e-44
994.242735042735 1.6097468186613472e-44
995.2429792429792 1.8405408474257942e-44
996.2432234432234 1.5147348278207386e-44
997.2434676434676 1.496450351648565e-44
998.2437118437118 1.7135476359692726e-44
999.243956043956 1.73067845320935e-44
1000.2442002442002 1.64932402818562e-44
1001.2444444444444 1.4649228748092578e-44
1002.2446886446886 1.3631256805037355e-44
1003.2449328449328 1.5293498304796244e-44
1004.245177045177 1.5183851941917817e-44
1005.2454212454212 1.714498151572627e-44
1006.2456654456654 1.3780514173158276e-44
1007.2459096459096 1.532301119497326e-44
1008.2461538461539 1.6191014156709497e-44
1009.2463980463981 1.6971783914897563e-44
1010.2466422466423 1.678311289058352e-44
1011.2468864468865 1.5900104268765563e-44
1012.2471306471307 1.646487470147911e-44
1013.2473748473749 1.9587203071828759e-44
1014.2476190476191 1.7335936327181785e-44
1015.2478632478633 1.6594002533199735e-44
1016.2481074481075 1.7429165822958015e-44
1017.2483516483517 1.7235401678841599e-44
1018.2485958485959 1.6439079220915993e-44
1019.2488400488401 1.6232850226809744e-44
1020.2490842490843 1.4109467919937783e-44
1021.2493284493285 1.5860373953975595e-44
1022.2495726495727 1.8736870493822472e-44
1023.2498168498169 1.3739023470062231e-44
1024.250061050061 1.5667444878937443e-44
1025.2503052503052 1.5195648794803777e-44
1026.2505494505494 1.333036960109258e-44
1027.2507936507936 1.6429305296865067e-44
1028.2510378510378 1.6545361541368123e-44
1029.251282051282 3.4736009568182147e-44
1030.2515262515262 5.348723854174777e-44
1031.2517704517704 8.367221531604574e-44
1032.2520146520146 4.02051843934828e-44
1033.2522588522588 9.468812156501306e-44
1034.252503052503 1.0160171016078057e-43
1035.2527472527472 1.981357033674701e-44
1036.2529914529914 1.327679867774968e-44
1037.2532356532356 1.5911622886257855e-44
1038.2534798534798 1.4391601147100715e-44
1039.253724053724 1.9233763150678346e-44
1040.2539682539682 6.548481055367892e-44
1041.2542124542124 1.4664776300109164e-43
1042.2544566544566 5.927203044835891e-44
1043.2547008547008 1.63841326173529e-44
1044.254945054945 1.4686907800992707e-44
1045.2551892551892 1.4396707885216683e-44
1046.2554334554334 1.4341438564416515e-44
1047.2556776556776 1.4153918169084195e-44
1048.2559218559218 1.573435011813202e-44
1049.256166056166 1.4363344738984414e-44
1050.2564102564102 1.4694620853454475e-44
1051.2566544566544 1.6116976689102167e-44
1052.2568986568986 1.4333253469920787e-44
1053.2571428571428 1.5225858039927722e-44
1054.257387057387 1.480223540386996e-44
1055.2576312576311 1.6252808450210938e-44
1056.2578754578753 1.5369612701441328e-44
1057.2581196581198 1.521778109758476e-44
1058.258363858364 1.6267422190630996e-44
1059.2586080586082 1.6941943143426133e-44
1060.2588522588524 1.3238685009078235e-44
1061.2590964590966 1.367095230006436e-44
1062.2593406593408 1.4393538970598357e-44
1063.259584859585 1.5502082418191801e-44
1064.2598290598291 1.2756829304160086e-44
1065.2600732600733 1.2547022671614824e-44
1066.2603174603175 1.56472063438821e-44
1067.2605616605617 1.279368175094136e-44
1068.260805860806 1.3009556377596549e-44
1069.2610500610501 1.5687239060547849e-44
1070.2612942612943 1.5515766201743056e-44
1071.2615384615385 1.5071122699572336e-44
1072.2617826617827 1.4989532854980082e-44
1073.262026862027 1.763020626312977e-44
1074.262271062271 1.63955060228701e-44
1075.2625152625153 1.5395627864611424e-44
1076.2627594627595 1.7687450065111092e-44
1077.2630036630037 1.603232926250913e-44
1078.263247863248 1.6162725586134859e-44
1079.263492063492 1.8484035181639343e-44
1080.2637362637363 1.5696207785370517e-44
1081.2639804639805 1.581544677817578e-44
1082.2642246642247 1.5042637858433976e-44
1083.2644688644689 1.5484873474490172e-44
1084.264713064713 1.5270863171909582e-44
1085.2649572649573 1.723722345225704e-44
1086.2652014652015 1.6138173061685668e-44
1087.2654456654457 1.6902396895064275e-44
1088.2656898656899 1.449337643825053e-44
1089.265934065934 1.7851590954762119e-44
1090.2661782661783 1.567581450753613e-44
1091.2664224664225 1.5199717358462172e-44
1092.2666666666667 1.5234129131463419e-44
1093.2669108669108 1.3533102817274288e-44
1094.267155067155 1.269652801305761e-44
1095.2673992673992 1.3433419179677772e-44
1096.2676434676434 1.474205480308069e-44
1097.2678876678876 1.679186519257471e-44
1098.2681318681318 1.550839655620481e-44
1099.268376068376 1.3891517406886169e-44
1100.2686202686202 1.4295916403762614e-44
1101.2688644688644 1.4284328255769553e-44
1102.2691086691086 1.4318325097908467e-44
1103.2693528693528 1.681473185353947e-44
1104.269597069597 1.2829010988730168e-44
1105.2698412698412 1.101499116088104e-44
1106.2700854700854 1.2459902891423736e-44
1107.2703296703296 1.5945384561452872e-44
1108.2705738705738 1.744641031563988e-44
1109.270818070818 1.5091812677046969e-44
1110.2710622710622 1.5497460992345612e-44
1111.2713064713064 1.5686951907145184e-44
1112.2715506715506 1.3373127223079079e-44
1113.2717948717948 1.5779400460879927e-44
1114.272039072039 1.4948547205849143e-44
1115.2722832722832 1.5210867096837317e-44
1116.2725274725274 1.521120733317101e-44
1117.2727716727716 1.5458499656635926e-44
1118.2730158730158 1.639760488506347e-44
1119.27326007326 1.7021354435522841e-44
1120.2735042735044 1.8023592320149396e-44
1121.2737484737486 1.6871875352530801e-44
1122.2739926739928 1.6387117021109401e-44
1123.274236874237 1.363010725292733e-44
1124.2744810744812 1.298453110445515e-44
1125.2747252747254 1.5686405226490854e-44
1126.2749694749696 1.5394213643631612e-44
1127.2752136752138 1.4497348466676073e-44
1128.275457875458 1.6616982685173358e-44
1129.2757020757022 1.4097980468290368e-44
1130.2759462759464 1.5028589221682492e-44
1131.2761904761905 1.467124684689253e-44
1132.2764346764347 1.398521387781118e-44
1133.276678876679 1.5845722110084857e-44
1134.2769230769231 1.2885467336691954e-44
1135.2771672771673 1.4228747653156e-44
1136.2774114774115 1.353369709204485e-44
1137.2776556776557 1.3996716643690125e-44
1138.2778998779 1.4239790433406176e-44
1139.2781440781441 1.602384943213642e-44
1140.2783882783883 1.453455432428657e-44
1141.2786324786325 1.6040637589467686e-44
1142.2788766788767 1.731710811252584e-44
1143.279120879121 1.4512716686970393e-44
1144.279365079365 1.6246907929106126e-44
1145.2796092796093 1.812129716977988e-44
1146.2798534798535 1.8617654681120523e-44
1147.2800976800977 1.6877709847229964e-44
1148.280341880342 1.7087211540501748e-44
1149.280586080586 1.5914100157144505e-44
1150.2808302808303 1.1876349611343127e-43
1151.2810744810745 2.6903527601610797e-42
1152.2813186813187 2.7178762712892965e-42
1153.2815628815629 1.2573869706007179e-43
1154.281807081807 1.6663902934836915e-44
1155.2820512820513 1.5773525162372768e-44
1156.2822954822955 1.7195266564318746e-44
1157.2825396825397 1.3486061866657685e-44
1158.2827838827839 1.7162501268078803e-44
1159.283028083028 1.6050494021755227e-44
1160.2832722832723 1.52138426779678e-44
1161.2835164835165 1.566584565998882e-44
1162.2837606837606 1.5339620073308715e-44
1163.2840048840048 1.7343548014465017e-44
1164.284249084249 1.5701861757327726e-44
1165.2844932844932 1.4711138990684496e-44
1166.2847374847374 1.9425946104921594e-44
1167.2849816849816 1.5977429482670754e-44
1168.2852258852258 1.7115172635255412e-44
1169.28547008547 1.6391836625778362e-44
1170.2857142857142 1.514020567734449e-44
1171.2859584859584 1.58560024640159e-44
1172.2862026862026 1.5968217374756367e-44
1173.2864468864468 1.226186817517877e-44
1174.286691086691 1.5464644613624573e-44
1175.2869352869352 1.6360021249662791e-44
1176.2871794871794 1.4119824759197872e-44
1177.2874236874236 1.8808526663986375e-44
1178.2876678876678 1.7009402320803374e-44
1179.287912087912 1.673492901984232e-44
1180.2881562881562 1.689189463352549e-44
1181.2884004884004 1.5996137423092145e-44
1182.2886446886446 1.54702278647084e-44
1183.2888888888888 1.7502834713800896e-44
1184.289133089133 1.5746133926244375e-44
1185.2893772893774 1.6468203540166485e-44
1186.2896214896216 1.810242540827158e-44
1187.2898656898658 1.6950673832485985e-44
1188.29010989011 1.7733967615238798e-44
1189.2903540903542 1.6692019526277055e-44
1190.2905982905984 1.4878289077026758e-44
1191.2908424908426 1.3245538205665183e-44
1192.2910866910868 1.3906872949982716e-44
1193.291330891331 1.6414928401488453e-44
1194.2915750915752 1.6444705763241076e-44
1195.2918192918194 1.8304337494554718e-44
1196.2920634920636 1.7292698781243371e-44
1197.2923076923078 1.9252080220573852e-44
1198.292551892552 1.5454483386790785e-44
1199.2927960927962 1.5465909813668612e-44
1200.2930402930403 1.6076237098695065e-44
1201.2932844932845 1.6363178080156596e-44
1202.2935286935287 1.6310469746772275e-44
1203.293772893773 1.812682148259679e-44
1204.2940170940171 1.503043966112773e-44
1205.2942612942613 1.917622022321894e-44
1206.2945054945055 1.6567727687796735e-44
1207.2947496947497 1.7231343026195025e-44
1208.294993894994 1.7610923733147192e-44
1209.2952380952381 1.729356031765757e-44
1210.2954822954823 1.7374770587875526e-44
1211.2957264957265 1.6835554198418188e-44
1212.2959706959707 1.579752215388709e-44
1213.296214896215 1.7192683176853117e-44
1214.296459096459 1.5690505030063947e-44
1215.2967032967033 1.6509646351730784e-44
1216.2969474969475 1.5718420191667535e-44
1217.2971916971917 1.751414644536584e-44
1218.297435897436 1.6337884043066625e-44
1219.29768009768 1.8803374618321915e-44
1220.2979242979243 1.823877119411405e-44
1221.2981684981685 1.8225132790775963e-44
1222.2984126984127 1.9623434081349218e-44
1223.2986568986569 1.4844020474286609e-44
1224.298901098901 1.5812529665592133e-44
1225.2991452991453 1.6560739604087903e-44
1226.2993894993895 1.6646812006394167e-44
1227.2996336996337 1.628609759058044e-44
1228.2998778998779 1.673209959843615e-44
1229.300122100122 1.7058270970984329e-44
1230.3003663003662 1.721133238854807e-44
1231.3006105006104 1.554044295595212e-44
1232.3008547008546 1.7226130331863617e-44
1233.3010989010988 1.7957228937223029e-44
1234.301343101343 1.5561247328026063e-44
1235.3015873015872 1.5341865011203346e-44
1236.3018315018314 1.5410351977427787e-44
1237.3020757020756 1.5066358092717566e-44
1238.3023199023198 1.6875053199083748e-44
1239.302564102564 1.868317314429474e-44
1240.3028083028082 1.7278997538471682e-44
1241.3030525030524 1.7543924465282978e-44
1242.3032967032966 1.867334441393826e-44
1243.3035409035408 1.792576105776117e-44
1244.303785103785 1.5493943366960746e-44
1245.3040293040292 1.5618744190274806e-44
1246.3042735042734 1.7675074188403863e-44
1247.3045177045176 1.9988026500870519e-44
1248.304761904762 1.6846024115367345e-44
1249.3050061050062 1.7583554972099434e-44
1250.3052503052504 1.7384623624749754e-44
1251.3054945054946 1.9025721927609696e-44
1252.3057387057388 1.7356077449045607e-44
1253.305982905983 1.7004689330822663e-44
1254.3062271062272 1.906455492996965e-44
1255.3064713064714 1.7616035012861866e-44
1256.3067155067156 1.2671040399897595e-44
1257.3069597069598 1.5881448514252486e-44
1258.307203907204 1.578748462480188e-44
1259.3074481074482 1.62660629386435e-44
1260.3076923076924 1.659601377826461e-44
1261.3079365079366 1.9623956944395443e-44
1262.3081807081808 1.889033514361769e-44
1263.308424908425 1.7274881213248623e-44
1264.3086691086692 1.5830415460532518e-44
1265.3089133089134 1.553353180002894e-44
1266.3091575091576 1.634023549278908e-44
1267.3094017094018 1.4745820748483488e-44
1268.309645909646 1.8023808267887894e-44
1269.3098901098901 1.6775696054417163e-44
1270.3101343101343 1.5999090428558817e-44
1271.3103785103785 1.6712220914588905e-44
1272.3106227106227 1.6834437741825434e-44
1273.310866910867 1.7357905031880138e-44
1274.3111111111111 1.7283639110116e-44
1275.3113553113553 1.8203605248548878e-44
1276.3115995115995 1.7548176857965897e-44
1277.3118437118437 1.91301972609445e-44
1278.312087912088 1.6604133980744758e-44
1279.3123321123321 1.7634103156014612e-44
1280.3125763125763 1.596970161515392e-44
1281.3128205128205 1.8284065319519251e-44
1282.3130647130647 1.8621286420680236e-44
1283.313308913309 1.854914556407301e-44
1284.313553113553 1.7804904961133518e-44
1285.3137973137973 1.8133950488091796e-44
1286.3140415140415 2.2447562580351686e-44
1287.3142857142857 1.9112106227209625e-44
1288.3145299145299 1.813888903721289e-44
1289.314774114774 1.7834453641986228e-44
1290.3150183150183 1.9529413325444345e-44
1291.3152625152625 1.7090862831599497e-44
1292.3155067155067 1.6805413722865192e-44
1293.3157509157509 1.8278002580518167e-44
1294.315995115995 1.7097981598642894e-44
1295.3162393162393 1.8130938694761822e-44
1296.3164835164835 1.6289850622438235e-44
1297.3167277167277 1.965795043532225e-44
1298.3169719169719 1.8700040538868715e-44
1299.317216117216 1.92440120683581e-44
1300.3174603174602 1.6591645775840874e-44
1301.3177045177044 1.6934686833549822e-44
1302.3179487179486 1.6770597163334585e-44
1303.3181929181928 1.7128356960975047e-44
1304.318437118437 1.8101978837558237e-44
1305.3186813186812 1.7491647421035902e-44
1306.3189255189254 2.0430360021224295e-44
1307.3191697191696 1.7494452976132582e-44
1308.3194139194138 1.8690279400905778e-44
1309.319658119658 1.8842932708829817e-44
1310.3199023199022 1.754624556061607e-44
1311.3201465201464 1.830176027973377e-44
1312.3203907203906 1.7549672694126862e-44
1313.320634920635 1.726288983388158e-44
1314.3208791208792 2.0304469184463283e-44
1315.3211233211234 1.9351773716398952e-44
1316.3213675213676 1.8168047807662404e-44
1317.3216117216118 2.0215963603208263e-44
1318.321855921856 2.0342579822263346e-44
1319.3221001221002 2.0223118996614083e-44
1320.3223443223444 1.8678670398171666e-44
1321.3225885225886 1.8603922570452677e-44
1322.3228327228328 2.17400169629429e-44
1323.323076923077 1.9224335899050408e-44
1324.3233211233212 1.554560947623078e-44
1325.3235653235654 1.642602335556641e-44
1326.3238095238096 1.8617087489452841e-44
1327.3240537240538 1.9367533289545426e-44
1328.324297924298 1.987230632743814e-44
1329.3245421245422 2.2231672570839044e-44
1330.3247863247864 1.7482389347065773e-44
1331.3250305250306 1.8507758680321646e-44
1332.3252747252748 1.786167144740515e-44
1333.325518925519 1.8173055704604666e-44
1334.3257631257632 1.7598657966639853e-44
1335.3260073260074 1.6709368241919736e-44
1336.3262515262516 2.073678295593461e-44
1337.3264957264958 1.7052304245116802e-44
1338.32673992674 1.804058498578576e-44
1339.3269841269841 1.8210927776061738e-44
1340.3272283272283 2.080207837637835e-44
1341.3274725274725 1.9512261511011158e-44
1342.3277167277167 1.8967840940765207e-44
1343.327960927961 2.212455407396656e-44
1344.3282051282051 1.9823930518945423e-44
1345.3284493284493 1.7323456918075296e-44
1346.3286935286935 1.779299481609893e-44
1347.3289377289377 1.8558135217503688e-44
1348.329181929182 1.8927091111078672e-44
1349.329426129426 1.9535682594687147e-44
1350.3296703296703 1.6347790726047918e-44
1351.3299145299145 1.8258061068004138e-44
1352.3301587301587 1.906997926873157e-44
1353.330402930403 1.8884166013549267e-44
1354.330647130647 1.797759154538234e-44
1355.3308913308913 1.879425213922232e-44
1356.3311355311355 1.7165549404968328e-44
1357.3313797313797 1.8454156845475768e-44
1358.3316239316239 1.8549924891436781e-44
1359.331868131868 1.6970096200648133e-44
1360.3321123321123 2.1555817968612483e-44
1361.3323565323565 1.8588677971959024e-44
1362.3326007326007 2.1583121936962153e-44
1363.3328449328449 2.2121242819321428e-44
1364.333089133089 1.9774817623272962e-44
1365.3333333333333 1.8623711987708365e-44
1366.3335775335775 1.9067567390220327e-44
1367.3338217338217 2.0522963733862964e-44
1368.3340659340658 1.9510316557662263e-44
1369.33431013431 1.8660043660846259e-44
1370.3345543345542 1.8617037443638508e-44
1371.3347985347984 1.8934254859460722e-44
1372.3350427350426 2.1797687136098294e-44
1373.3352869352868 3.41740114377319e-44
1374.335531135531 4.11591501860135e-44
1375.3357753357752 3.6753267747260263e-44
1376.3360195360196 2.5834847941149214e-44
1377.3362637362638 2.0023061366918862e-44
1378.336507936508 3.357988227558087e-44
1379.3367521367522 2.981097246514983e-44
1380.3369963369964 1.9361094491379453e-44
1381.3372405372406 2.047745260402152e-44
1382.3374847374848 2.0168162615222605e-44
1383.337728937729 2.2166622631025897e-44
1384.3379731379732 1.976181334195779e-44
1385.3382173382174 1.7439145087713947e-44
1386.3384615384616 2.0649958583360157e-44
1387.3387057387058 3.245752431617512e-44
1388.33894993895 4.501963834276338e-44
1389.3391941391942 3.554915881299937e-44
1390.3394383394384 1.713441701092803e-44
1391.3396825396826 1.6692765274818304e-44
1392.3399267399268 1.7919817906536283e-44
1393.340170940171 2.204059239805181e-44
1394.3404151404152 2.1594124569733963e-44
1395.3406593406594 1.6205972909567368e-44
1396.3409035409036 1.9841237601156905e-44
1397.3411477411478 1.9312615250770906e-44
1398.341391941392 2.0944967208074552e-44
1399.3416361416362 1.7537439504204884e-44
1400.3418803418804 2.0210418174767426e-44
1401.3421245421246 1.7874404240827709e-44
1402.3423687423688 1.7812837553533077e-44
1403.342612942613 2.0310970960317208e-44
1404.3428571428572 2.000040242420306e-44
1405.3431013431014 1.8860767507930005e-44
1406.3433455433455 1.8968125996144483e-44
1407.3435897435897 1.9386089923519893e-44
1408.343833943834 1.670255706388849e-44
1409.3440781440781 1.9274672724086238e-44
1410.3443223443223 1.8890500511412043e-44
1411.3445665445665 1.903698603077355e-44
1412.3448107448107 2.1041393593568248e-44
1413.345054945055 2.2095340704974138e-44
1414.3452991452991 1.9478322563722622e-44
1415.3455433455433 1.8534262592486652e-44
1416.3457875457875 2.1563890974424008e-44
1417.3460317460317 2.140014129418191e-44
1418.346275946276 1.8648885010782086e-44
1419.34652014652 2.1431114443627985e-44
1420.3467643467643 2.2146839368072608e-44
1421.3470085470085 2.1047781892042567e-44
1422.3472527472527 1.9683296449981367e-44
1423.347496947497 2.0639279212324723e-44
1424.347741147741 1.894360091012648e-44
1425.3479853479853 1.939138369754206e-44
1426.3482295482295 1.8702488800455282e-44
1427.3484737484737 1.8222360463786069e-44
1428.3487179487179 1.911806609791442e-44
1429.348962148962 1.8818630500435915e-44
1430.3492063492063 2.0337686513926508e-44
1431.3494505494505 1.844362467479262e-44
1432.3496947496947 2.1006848726658705e-44
1433.3499389499389 2.1207553637329038e-44
1434.350183150183 2.0573212929112748e-44
1435.3504273504273 2.3221665497484974e-44
1436.3506715506714 2.1719019149583398e-44
1437.3509157509156 1.7493798204577339e-44
1438.3511599511598 1.9816166068252387e-44
1439.351404151404 1.9225207831267398e-44
1440.3516483516482 2.0035201292145816e-44
1441.3518925518927 2.451852575623051e-44
1442.3521367521369 2.318277636954889e-44
1443.352380952381 1.9723507403086189e-44
1444.3526251526253 1.9017027768893446e-44
1445.3528693528694 2.1689620722565181e-44
1446.3531135531136 2.105841633568697e-44
1447.3533577533578 2.2788088912351587e-44
1448.353601953602 2.0959727383223197e-44
1449.3538461538462 2.3059398568152757e-44
1450.3540903540904 2.3413670602383e-44
1451.3543345543346 2.1502874471305643e-44
1452.3545787545788 2.153138512899533e-44
1453.354822954823 2.113508468993617e-44
1454.3550671550672 2.1087614317025107e-44
1455.3553113553114 2.412909764485911e-44
1456.3555555555556 2.0643193870649647e-44
1457.3557997557998 1.861352560405748e-44
1458.356043956044 1.9466226425808808e-44
1459.3562881562882 2.183154441718864e-44
1460.3565323565324 1.9875095539236633e-44
1461.3567765567766 2.003840945386512e-44
1462.3570207570208 2.054585863878823e-44
1463.357264957265 2.049976411830402e-44
1464.3575091575092 2.153953494616621e-44
1465.3577533577534 2.1716145712602417e-44
1466.3579975579976 2.0633958773706438e-44
1467.3582417582418 2.1195334213877945e-44
1468.358485958486 2.297076238335659e-44
1469.3587301587302 2.1348532443019926e-44
1470.3589743589744 2.1868619456710405e-44
1471.3592185592186 2.3224453429046376e-44
1472.3594627594628 2.373002954797109e-44
1473.359706959707 1.942173248503716e-44
1474.3599511599512 2.1411839835361776e-44
1475.3601953601953 1.8405505887899494e-44
1476.3604395604395 2.0736774001742794e-44
1477.3606837606837 1.903838034749576e-44
1478.360927960928 1.818505093359079e-44
1479.3611721611721 1.6766507497413563e-44
1480.3614163614163 1.9969726465272123e-44
1481.3616605616605 1.9766708576596074e-44
1482.3619047619047 1.9630029370262243e-44
1483.362148962149 1.701627943734992e-44
1484.3623931623931 1.7814398763007022e-44
1485.3626373626373 2.0982748606891995e-44
1486.3628815628815 2.301887783205984e-44
1487.3631257631257 2.243088813612873e-44
1488.36336996337 2.3831935025736915e-44
1489.363614163614 2.1252321776513698e-44
1490.3638583638583 2.051347714435264e-44
1491.3641025641025 2.2513664929209303e-44
1492.3643467643467 2.062387682204359e-44
1493.364590964591 2.1672800437548715e-44
1494.364835164835 1.9828512234750352e-44
1495.3650793650793 2.045437112985108e-44
1496.3653235653235 2.257535098662548e-44
1497.3655677655677 2.642857567012873e-44
1498.3658119658119 2.0381637946437227e-44
1499.366056166056 2.347687523184246e-44
1500.3663003663003 2.243541831649654e-44
1501.3665445665445 1.9020654436233495e-44
1502.3667887667887 1.8591777629688191e-44
1503.3670329670329 1.7430922758731017e-44
1504.3672771672773 2.2830810613126993e-44
1505.3675213675215 2.559615246335095e-44
1506.3677655677657 2.2851540062410417e-44
1507.3680097680099 1.939169885896187e-44
1508.368253968254 1.6978062311340565e-44
1509.3684981684983 2.3125788883975655e-44
1510.3687423687425 2.1618916613563707e-44
1511.3689865689867 1.9760658257226e-44
1512.3692307692309 2.0904370089647765e-44
1513.369474969475 1.9589073797782424e-44
1514.3697191697192 1.847579905406e-44
1515.3699633699634 1.9107059525968334e-44
1516.3702075702076 1.9352580353001332e-44
1517.3704517704518 2.0502592456107768e-44
1518.370695970696 2.195281729666919e-44
1519.3709401709402 2.4472393095071745e-44
1520.3711843711844 2.282980499526519e-44
1521.3714285714286 2.3065987960473e-44
1522.3716727716728 2.3218938043762584e-44
1523.371916971917 2.2721199262103836e-44
1524.3721611721612 1.7946647344232015e-44
1525.3724053724054 2.0406305958658467e-44
1526.3726495726496 2.0043334127043596e-44
1527.3728937728938 2.1152848403596131e-44
1528.373137973138 1.8858144586453684e-44
1529.3733821733822 1.8833016291237274e-44
1530.3736263736264 1.8967225631962503e-44
1531.3738705738706 1.8187423264862166e-44
1532.3741147741148 2.000679221188702e-44
1533.374358974359 2.1036459152096083e-44
1534.3746031746032 2.2407110035873194e-44
1535.3748473748474 2.2119618510406477e-44
1536.3750915750916 2.343960266484e-44
1537.3753357753358 2.1933826908497677e-44
1538.37557997558 2.2514685377942655e-44
1539.3758241758242 2.259440041946753e-44
1540.3760683760684 2.0249233331183184e-44
1541.3763125763126 2.0159390147731501e-44
1542.3765567765568 2.0996752318291705e-44
1543.376800976801 2.2283837812019726e-44
1544.3770451770451 2.042547815591488e-44
1545.3772893772893 2.304882733843904e-44
1546.3775335775335 2.1067994349145584e-44
1547.3777777777777 2.1372722413661631e-44
1548.378021978022 2.2004169255588728e-44
1549.3782661782661 2.0165281604572725e-44
1550.3785103785103 2.040419577181012e-44
1551.3787545787545 2.2263261129140436e-44
1552.3789987789987 1.939003097361888e-44
1553.379242979243 1.9276664752313173e-44
1554.3794871794871 1.7598302304892282e-44
1555.3797313797313 1.8315284056210237e-44
1556.3799755799755 1.911543274806668e-44
1557.3802197802197 2.1103438182709854e-44
1558.380463980464 1.9088283605445998e-44
1559.380708180708 2.1462215978276553e-44
1560.3809523809523 2.499746888318756e-44
1561.3811965811965 2.472754566190264e-44
1562.3814407814407 2.3208465701321553e-44
1563.3816849816849 2.1923637310079932e-44
1564.381929181929 2.4057202600242996e-44
1565.3821733821733 2.0326389134681973e-44
1566.3824175824175 2.4759328798001936e-44
1567.3826617826617 2.398601343473955e-44
1568.3829059829059 2.3879465973788905e-44
1569.3831501831503 1.9675088327071542e-44
1570.3833943833945 2.097014543113748e-44
1571.3836385836387 1.984943513085422e-44
1572.3838827838829 2.2827737982108073e-44
1573.384126984127 2.2399979386267925e-44
1574.3843711843713 2.0605817067830215e-44
1575.3846153846155 2.4075304933842765e-44
1576.3848595848597 2.1972909477449966e-44
1577.3851037851039 2.268459631470896e-44
1578.385347985348 2.25551703967838e-44
1579.3855921855923 2.541213320989702e-44
1580.3858363858365 2.4431064892744223e-44
1581.3860805860807 2.580683851722984e-44
1582.3863247863248 2.5757404016703307e-44
1583.386568986569 2.060151942778152e-44
1584.3868131868132 2.3551082244155546e-44
1585.3870573870574 2.1663790817012493e-44
1586.3873015873016 2.1068280603845608e-44
1587.3875457875458 2.2147903279558776e-44
1588.38778998779 2.280919414280431e-44
1589.3880341880342 2.233749031994449e-44
1590.3882783882784 2.0790399677294735e-44
1591.3885225885226 1.9634459537498456e-44
1592.3887667887668 1.9937585092773027e-44
1593.389010989011 2.124887222544671e-44
1594.3892551892552 2.1880761765366966e-44
1595.3894993894994 2.3624457101122183e-44
1596.3897435897436 2.0300926780218198e-44
1597.3899877899878 2.1779690646320112e-44
1598.390231990232 2.1873914216545148e-44
1599.3904761904762 2.1860459431891124e-44
1600.3907203907204 2.4126206366248497e-44
1601.3909645909646 2.575434948762615e-44
1602.3912087912088 2.2386554574021277e-44
1603.391452991453 1.9292064614520597e-44
1604.3916971916972 2.0320500917619813e-44
1605.3919413919414 2.034948247289189e-44
1606.3921855921856 2.1419356373484412e-44
1607.3924297924298 2.0107256371255832e-44
1608.392673992674 2.2297868382228766e-44
1609.3929181929182 2.4603630457656277e-44
1610.3931623931624 2.2416130437933444e-44
1611.3934065934066 1.8619763273715196e-44
1612.3936507936507 2.1093624544173493e-44
1613.393894993895 2.1467308715367122e-44
1614.3941391941391 1.8108199086628682e-44
1615.3943833943833 2.1278549206129502e-44
1616.3946275946275 1.9232921273597954e-44
1617.3948717948717 2.2103210458931662e-44
1618.395115995116 2.108399055008464e-44
1619.3953601953601 2.293430159338939e-44
1620.3956043956043 2.2355668975121455e-44
1621.3958485958485 1.883120967892781e-44
1622.3960927960927 1.8762343222256855e-44
1623.396336996337 2.259305691538088e-44
1624.396581196581 2.1393817967402766e-44
1625.3968253968253 2.399448201784451e-44
1626.3970695970695 2.464726535866421e-44
1627.3973137973137 2.2818751944228215e-44
1628.397557997558 2.4958628238608725e-44
1629.397802197802 2.6407073318748506e-44
1630.3980463980463 2.2211555232255483e-44
1631.3982905982905 2.1704368139844174e-44
1632.398534798535 2.5368117161410183e-44
1633.398778998779 2.213456539021913e-44
1634.3990231990233 1.9474836131240514e-44
1635.3992673992675 2.44670571633883e-44
1636.3995115995117 1.9520141568672016e-44
1637.399755799756 2.243968757981252e-44
1638.4 2.525537578213515e-44
1639.4002442002443 2.256586038562284e-44
1640.4004884004885 2.802483484599897e-44
1641.4007326007327 2.669164676334135e-44
1642.4009768009769 2.282840287474181e-44
1643.401221001221 2.1865248073558804e-44
1644.4014652014653 2.273228686923284e-44
1645.4017094017095 2.744856457179248e-44
1646.4019536019537 2.8914228374070487e-44
1647.4021978021979 2.579927269756627e-44
1648.402442002442 2.2137675588880848e-44
1649.4026862026863 2.1099328559813309e-44
1650.4029304029305 2.6196266191151677e-44
1651.4031746031746 2.5552241205517757e-44
1652.4034188034188 2.3280114155227394e-44
1653.403663003663 2.883568002484104e-44
1654.4039072039072 3.202994663798086e-44
1655.4041514041514 2.9238792486981113e-44
1656.4043956043956 2.6694493896236125e-44
1657.4046398046398 2.299772332609348e-44
1658.404884004884 2.5612603507865955e-44
1659.4051282051282 2.710363335029727e-44
1660.4053724053724 2.4969755538336583e-44
1661.4056166056166 2.538298828926178e-44
1662.4058608058608 2.621871869595634e-44
1663.406105006105 2.6902661561656803e-44
1664.4063492063492 2.6672339610929196e-44
1665.4065934065934 2.400024667207191e-44
1666.4068376068376 2.6617525963165355e-44
1667.4070818070818 2.5874078236872187e-44
1668.407326007326 2.287342060859041e-44
1669.4075702075702 2.2796067004582193e-44
1670.4078144078144 2.396395244647979e-44
1671.4080586080586 2.0303648945018841e-44
1672.4083028083028 2.006387754884119e-44
1673.408547008547 2.3289171754617583e-44
1674.4087912087912 2.8317741306129916e-44
1675.4090354090354 2.014602012350112e-44
1676.4092796092796 2.1867130603792527e-44
1677.4095238095238 2.4618719828628763e-44
1678.409768009768 2.4588977589698007e-44
1679.4100122100122 2.662069348433714e-44
1680.4102564102564 2.54116802730261e-44
1681.4105006105005 2.0321536915879325e-44
1682.4107448107447 1.8954835734888884e-44
1683.410989010989 1.8149826263280365e-44
1684.4112332112331 2.0438697432375338e-44
1685.4114774114773 2.3656243331089516e-44
1686.4117216117215 2.0278276809163047e-44
1687.4119658119657 2.44993435554405e-44
1688.41221001221 2.2604064089207566e-44
1689.4124542124541 1.8359443481805542e-44
1690.4126984126983 2.0543159328738776e-44
1691.4129426129425 2.3451746693594154e-44
1692.4131868131867 2.5623273392381685e-44
1693.413431013431 3.415875528310785e-44
1694.413675213675 1.883126922950328e-43
1695.4139194139193 1.57152034757666e-43
1696.4141636141635 2.981189577572702e-44
1697.414407814408 2.270999723507278e-44
1698.4146520146521 2.4840044185189984e-44
1699.4148962148963 2.276313187840794e-44
1700.4151404151405 2.733659101251824e-44
1701.4153846153847 2.717608015868666e-44
1702.415628815629 2.4725752630228424e-44
1703.415873015873 2.2589451087890983e-44
1704.4161172161173 2.1897846792765152e-44
1705.4163614163615 2.1752680260103003e-44
1706.4166056166057 2.1038276794682172e-44
1707.41684981685 2.3517341486393807e-44
1708.417094017094 3.07722359260195e-44
1709.4173382173383 2.4073977678509374e-44
1710.4175824175825 2.1711038460079575e-44
1711.4178266178267 2.263177917264192e-44
1712.4180708180709 2.0863677160923801e-44
1713.418315018315 2.301617539458993e-44
1714.4185592185593 2.2419664188995108e-44
1715.4188034188035 2.2364824435806228e-44
1716.4190476190477 2.5858653241891735e-44
1717.4192918192919 2.840284654013559e-44
1718.419536019536 2.238778198021106e-44
1719.4197802197803 2.4360574776518286e-44
1720.4200244200244 2.7847224626218353e-44
1721.4202686202686 2.339011116373675e-44
1722.4205128205128 2.314456292604789e-44
1723.420757020757 2.7198319601877985e-44
1724.4210012210012 3.108531347359418e-44
1725.4212454212454 2.2342016699416707e-44
1726.4214896214896 2.0711842104363144e-44
1727.4217338217338 2.4284076823811547e-44
1728.421978021978 2.5701464326666724e-44
1729.4222222222222 2.289213483709447e-44
1730.4224664224664 2.5103443252100134e-44
1731.4227106227106 2.2084947451470477e-44
1732.4229548229548 2.3956159296100446e-44
1733.423199023199 2.396517954680482e-44
1734.4234432234432 2.608642282066153e-44
1735.4236874236874 3.18412022120918e-44
1736.4239316239316 3.624698155296162e-44
1737.4241758241758 2.5512809942172027e-44
1738.42442002442 2.2265397654187578e-44
1739.4246642246642 2.423878745601333e-44
1740.4249084249084 1.9213573417904793e-44
1741.4251526251526 2.4062312243260086e-44
1742.4253968253968 2.3016617543722526e-44
1743.425641025641 2.507347442425461e-44
1744.4258852258852 1.9854630400937964e-44
1745.4261294261294 2.324785729822533e-44
1746.4263736263736 2.488778859953719e-44
1747.4266178266178 2.6217213038898914e-44
1748.426862026862 2.276663839496655e-44
1749.4271062271062 1.8735691083910706e-44
1750.4273504273503 2.0099561196270077e-44
1751.4275946275945 2.277543901079379e-44
1752.4278388278387 2.3200786558506146e-44
1753.428083028083 2.3874083237446437e-44
1754.4283272283271 2.2734233156569373e-44
1755.4285714285713 1.6548881004407446e-44
1756.4288156288155 2.281672087702553e-44
1757.4290598290597 2.0867495455040494e-44
1758.429304029304 2.2750713810475174e-44
1759.4295482295481 2.0142022266525783e-44
1760.4297924297925 2.3485156529071846e-44
1761.4300366300367 2.1763979439350595e-44
1762.430280830281 1.9475442145768185e-44
1763.4305250305251 2.457472480275861e-44
1764.4307692307693 2.3749003479027665e-44
1765.4310134310135 2.2154323656272317e-44
1766.4312576312577 2.1959847316607458e-44
1767.431501831502 2.288846613564971e-44
1768.4317460317461 2.3807294930580115e-44
1769.4319902319903 2.5421941366303815e-44
1770.4322344322345 2.4661812669464097e-44
1771.4324786324787 2.2651056786184095e-44
1772.432722832723 2.386619870680621e-44
1773.432967032967 2.3969513304224885e-44
1774.4332112332113 2.1410316027087397e-44
1775.4334554334555 2.426525713549694e-44
1776.4336996336997 2.294955159969172e-44
1777.4339438339439 2.064410031578454e-44
1778.434188034188 2.219024375835721e-44
1779.4344322344323 2.0489032923401587e-44
1780.4346764346765 2.2632588367007033e-44
1781.4349206349207 2.591550619696405e-44
1782.4351648351649 2.363897963775524e-44
1783.435409035409 2.6716317465726193e-44
1784.4356532356533 2.0005445146154626e-44
1785.4358974358975 2.6143737707125775e-44
1786.4361416361417 2.449068551078139e-44
1787.4363858363859 2.4244880927498297e-44
1788.43663003663 2.4795604178497064e-44
1789.4368742368742 2.410864637274898e-44
1790.4371184371184 2.6838760662432747e-44
1791.4373626373626 2.2253451553457047e-44
1792.4376068376068 2.6372765561390765e-44
1793.437851037851 2.783093877187954e-44
1794.4380952380952 2.4383265245746953e-44
1795.4383394383394 2.522993862185006e-44
1796.4385836385836 2.2698280687151434e-44
1797.4388278388278 2.4171102495849364e-44
1798.439072039072 1.896446353012042e-44
1799.4393162393162 2.243150452907602e-44
1800.4395604395604 2.511567723942548e-44
1801.4398046398046 2.4722300186385076e-44
1802.4400488400488 2.66233206549151e-44
1803.440293040293 2.440433829456898e-44
1804.4405372405372 2.5105552943290885e-44
1805.4407814407814 2.2141658907378984e-44
1806.4410256410256 1.9467264120634314e-44
1807.4412698412698 2.4206021382847835e-44
1808.441514041514 2.39544091841065e-44
1809.4417582417582 2.300077277048336e-44
1810.4420024420024 2.2503577831096677e-44
1811.4422466422466 2.0910854022101758e-44
1812.4424908424908 2.1542369547554073e-44
1813.442735042735 2.3657021083433794e-44
1814.4429792429792 2.3939936403227826e-44
1815.4432234432234 1.9451105367691227e-44
1816.4434676434676 2.3335379889630495e-44
1817.4437118437118 2.500856046680834e-44
1818.443956043956 2.2148401484084263e-44
1819.4442002442001 2.742974367902638e-44
1820.4444444444443 2.492863704875595e-44
1821.4446886446885 2.278996731373424e-44
1822.4449328449327 2.6780160995104654e-44
1823.445177045177 2.586805009752894e-44
1824.4454212454211 2.683780577765696e-44
1825.4456654456656 2.3758667233842213e-44
1826.4459096459098 2.3138189169667946e-44
1827.446153846154 2.338515866352644e-44
1828.4463980463981 2.191692143175969e-44
1829.4466422466423 2.2507227618307056e-44
1830.4468864468865 2.361175671116501e-44
1831.4471306471307 2.289431066149838e-44
1832.447374847375 2.5001345683203034e-44
1833.4476190476191 2.3169147308918914e-44
1834.4478632478633 2.602919314052001e-44
1835.4481074481075 2.3635730353490676e-44
1836.4483516483517 2.2252526836496586e-44
1837.448595848596 2.364685354097819e-44
1838.44884004884 2.3162488388764836e-44
1839.4490842490843 2.450610892760911e-44
1840.4493284493285 2.0989538587089523e-44
1841.4495726495727 2.3116138906566865e-44
1842.449816849817 2.357064720978218e-44
1843.450061050061 2.8698485068381105e-44
1844.4503052503053 2.482091465217023e-44
1845.4505494505495 2.4174608565241354e-44
1846.4507936507937 2.501885574821359e-44
1847.4510378510379 2.557335842487177e-44
1848.451282051282 2.7363578833674866e-44
1849.4515262515263 2.3721815738431325e-44
1850.4517704517705 2.121953512128713e-44
1851.4520146520147 2.309775442023785e-44
1852.4522588522589 2.586456636917624e-44
1853.452503052503 2.4532589111926066e-44
1854.4527472527473 2.0459124315905072e-44
1855.4529914529915 2.4640482484003424e-44
1856.4532356532357 2.2394996171734737e-44
1857.4534798534798 2.1705443460593778e-44
1858.453724053724 2.1396353843889877e-44
1859.4539682539682 2.338834031874875e-44
1860.4542124542124 2.340114920423784e-44
1861.4544566544566 2.1793853737139615e-44
1862.4547008547008 2.3577279321513497e-44
1863.454945054945 2.4610530450261516e-44
1864.4551892551892 2.416671273926224e-44
1865.4554334554334 2.8030502001365437e-44
1866.4556776556776 2.864844778581303e-44
1867.4559218559218 2.7240556417066793e-44
1868.456166056166 2.495128638895246e-44
1869.4564102564102 2.821463624852626e-44
1870.4566544566544 2.5708160971283085e-44
1871.4568986568986 2.0261907482814472e-44
1872.4571428571428 2.0953301756403603e-44
1873.457387057387 2.322850500441667e-44
1874.4576312576312 2.367321656532869e-44
1875.4578754578754 2.099671268489233e-44
1876.4581196581196 2.0361595585699463e-44
1877.4583638583638 1.9776213764970626e-44
1878.458608058608 2.361333929805127e-44
1879.4588522588522 2.9005424634761506e-44
1880.4590964590964 2.5653016251590194e-44
1881.4593406593406 2.3978034036938884e-44
1882.4595848595848 2.2818876097152314e-44
1883.459829059829 1.8109558600011118e-44
1884.4600732600732 2.1646046724657337e-44
1885.4603174603174 2.3554860898497217e-44
1886.4605616605616 2.713266552520028e-44
1887.4608058608057 2.446432554075604e-44
1888.4610500610502 2.3776619564870447e-44
1889.4612942612944 2.1267443773260983e-44
1890.4615384615386 2.386831769213353e-44
1891.4617826617828 2.5168872895735454e-44
1892.462026862027 2.505389170397993e-44
1893.4622710622712 2.2905027233757613e-44
1894.4625152625154 2.1239493741604804e-44
1895.4627594627595 1.9330114294965376e-44
1896.4630036630037 2.5252206444368244e-44
1897.463247863248 2.4009153984557e-44
1898.4634920634921 2.1408092027474304e-44
1899.4637362637363 2.2871707402241593e-44
1900.4639804639805 2.245355570321732e-44
1901.4642246642247 2.620795825868063e-44
1902.464468864469 2.3010763935702136e-44
1903.4647130647131 2.3790539296607865e-44
1904.4649572649573 3.04185354077998e-44
1905.4652014652015 2.094551214570879e-44
1906.4654456654457 2.134561756195575e-44
1907.46568986569 2.450700849081878e-44
1908.465934065934 2.7785019568723145e-44
1909.4661782661783 2.4881272452502713e-44
1910.4664224664225 2.3164388227293916e-44
1911.4666666666667 2.06631454019705e-44
1912.466910866911 2.3238131681907655e-44
1913.467155067155 2.135584206351663e-44
1914.4673992673993 2.547634964809086e-44
1915.4676434676435 2.426332895475528e-44
1916.4678876678877 2.5300225986452197e-44
1917.4681318681319 2.4221140028234746e-44
1918.468376068376 2.107335207505605e-44
1919.4686202686203 2.1854624054794382e-44
1920.4688644688645 2.4003966548776273e-44
1921.4691086691087 3.0527789198513114e-44
1922.4693528693529 2.611079608615789e-44
1923.469597069597 2.279418339886282e-44
1924.4698412698413 2.4843340351365646e-44
1925.4700854700855 2.47621895573351e-44
1926.4703296703296 2.58086644474364e-44
1927.4705738705738 2.527849712058979e-44
1928.470818070818 2.519309537643517e-44
1929.4710622710622 2.354295932846299e-44
1930.4713064713064 2.5898397041750296e-44
1931.4715506715506 2.548158794968061e-44
1932.4717948717948 2.388936099429956e-44
1933.472039072039 2.1706330041090545e-44
1934.4722832722832 2.790796770945836e-44
1935.4725274725274 2.45491580755466e-44
1936.4727716727716 2.5027067453928165e-44
1937.4730158730158 1.9690696744722276e-44
1938.47326007326 2.390930225351069e-44
1939.4735042735042 2.317290918059109e-44
1940.4737484737484 2.3154519892763425e-44
1941.4739926739926 2.3631179965006976e-44
1942.4742368742368 2.0265652457367767e-44
1943.474481074481 2.0872321917159997e-44
1944.4747252747252 2.2420765211816642e-44
1945.4749694749694 2.277027826814089e-44
1946.4752136752136 1.9326516134308148e-44
1947.4754578754578 2.1452096215424457e-44
1948.475702075702 2.4381749359816695e-44
1949.4759462759462 2.317669824633062e-44
1950.4761904761904 2.010757181816409e-44
1951.4764346764346 2.380291603733997e-44
1952.4766788766788 2.271783146596589e-44
1953.4769230769232 2.388208574320791e-44
1954.4771672771674 2.6991040736550313e-44
1955.4774114774116 2.4539482449962757e-44
1956.4776556776558 2.2429390909487205e-44
1957.4778998779 2.1913051108110274e-44
1958.4781440781442 2.3882619454465724e-44
1959.4783882783884 2.24583129958757e-44
1960.4786324786326 2.446912580297006e-44
1961.4788766788768 2.6626814455653317e-44
1962.479120879121 2.3193156066728207e-44
1963.4793650793652 2.592596169021617e-44
1964.4796092796093 2.1831791845493295e-44
1965.4798534798535 2.310188202867655e-44
1966.4800976800977 2.2095364415014902e-44
1967.480341880342 2.4954564610391276e-44
1968.4805860805861 2.4022156635260026e-44
1969.4808302808303 2.543725413851578e-44
1970.4810744810745 2.6531362186436203e-44
1971.4813186813187 2.3961889244137987e-44
1972.481562881563 2.1652967050539753e-44
1973.4818070818071 2.3027249463536623e-44
1974.4820512820513 2.1335415432940736e-44
1975.4822954822955 2.0545025885167858e-44
1976.4825396825397 2.36916341111451e-44
1977.482783882784 2.1953916927650506e-44
1978.483028083028 2.2564893272497966e-44
1979.4832722832723 2.1280936320590469e-44
1980.4835164835165 2.1879662567759789e-44
1981.4837606837607 2.2869530472039833e-44
1982.484004884005 2.3082648937790546e-44
1983.484249084249 2.4672474776667034e-44
1984.4844932844933 2.384373925067434e-44
1985.4847374847375 2.1512211552453398e-44
1986.4849816849817 2.2423354254604266e-44
1987.4852258852259 1.973361461181278e-44
1988.48547008547 2.1324694894032955e-44
1989.4857142857143 2.0827818811675314e-44
1990.4859584859585 2.4089171210439684e-44
1991.4862026862027 2.7239008840744997e-44
1992.4864468864469 2.5615389727464146e-44
1993.486691086691 2.9138479537042976e-44
1994.4869352869352 2.66438940638807e-44
1995.4871794871794 2.3714831285251524e-44
1996.4874236874236 2.353187518664729e-44
1997.4876678876678 2.2018715665535948e-44
1998.487912087912 2.4315019623758103e-44
1999.4881562881562 2.3610062019863267e-44
2000.4884004884004 1.9597350423162413e-44
2001.4886446886446 2.4499790906569045e-44
2002.4888888888888 2.6138861376098735e-44
2003.489133089133 2.3598983985202673e-44
2004.4893772893772 2.1985552707473842e-44
2005.4896214896214 2.3427848710464264e-44
2006.4898656898656 2.6017064061801906e-44
2007.4901098901098 2.288760324473904e-44
2008.490354090354 2.0338541449180956e-44
2009.4905982905982 2.1434514806142755e-44
2010.4908424908424 2.2983176588814594e-44
2011.4910866910866 2.742195970579546e-44
2012.4913308913308 2.50916837782501e-44
2013.491575091575 2.416441383556047e-44
2014.4918192918192 2.258262383634341e-44
2015.4920634920634 2.3092322256059043e-44
2016.4923076923078 2.2731022714668334e-44
2017.492551892552 2.5029491067282266e-44
2018.4927960927962 2.727259539319283e-44
2019.4930402930404 2.4211297696201244e-44
2020.4932844932846 2.1896732497894018e-44
2021.4935286935288 2.4492736986343e-44
2022.493772893773 2.447031983976618e-44
2023.4940170940172 2.2219982933803332e-44
2024.4942612942614 2.530231276026047e-44
2025.4945054945056 2.5906409173053124e-44
2026.4947496947498 2.6216352305611063e-44
2027.494993894994 2.415585886302795e-44
2028.4952380952382 2.390803910829921e-44
2029.4954822954824 2.5007721134743813e-44
2030.4957264957266 2.844309860346739e-44
2031.4959706959708 2.557613723393822e-44
2032.496214896215 2.607479330201836e-44
2033.4964590964591 2.4867976938997016e-44
2034.4967032967033 2.5853476903127345e-44
2035.4969474969475 2.7669289787477e-44
2036.4971916971917 2.1979421752133757e-44
2037.497435897436 2.628982461521777e-44
2038.4976800976801 2.4432132259915347e-44
2039.4979242979243 2.636340594119849e-44
2040.4981684981685 2.2168874250120825e-44
2041.4984126984127 2.33191378464069e-44
2042.498656898657 2.579137042440378e-44
2043.4989010989011 2.8767308792575564e-44
2044.4991452991453 2.4945986590792634e-44
2045.4993894993895 2.464937128723053e-44
2046.4996336996337 2.175238531050382e-44
2047.499877899878 2.3983003070271767e-44
