0.0 8.739238450554362e-5
4.000976800976801 5.626784783615325e-5
8.001953601953602 2.531922040164831e-5
12.002930402930403 4.031336038322083e-5
16.003907203907204 3.6480416838889106e-5
20.004884004884005 3.376801670748621e-5
24.005860805860806 5.3150729828631345e-5
28.006837606837607 6.581280401652866e-5
32.00781440781441 8.046730750241736e-5
36.00879120879121 4.9062423744965656e-5
40.00976800976801 1.9779011630212592e-5
44.01074481074481 2.955197822060014e-5
48.01172161172161 5.979471993881286e-5
52.01269841269841 5.03009572538168e-5
56.013675213675214 4.549807033887891e-5
60.014652014652015 5.302433763875754e-5
64.01562881562882 5.938095275866614e-5
68.01660561660562 6.979207035219282e-5
72.01758241758242 6.4181339688781e-5
76.01855921855922 1.5590358889925324e-5
80.01953601953602 2.7838726969507046e-5
84.02051282051282 5.214786122707963e-5
88.02148962148962 5.9053679294967436e-5
92.02246642246642 4.767463423214159e-5
96.02344322344322 4.5730698045806356e-5
100.02442002442002 6.563623043645944e-5
104.02539682539683 6.180370534125222e-5
108.02637362637363 4.324080916637653e-5
112.02735042735043 4.2949032319364915e-5
116.02832722832723 4.920897315044971e-5
120.02930402930403 6.784913042867847e-5
124.03028083028083 3.7562669869455414e-5
128.03125763125763 5.1409322430317135e-5
132.03223443223442 5.214984581206189e-5
136.03321123321123 3.618100135244264e-5
140.03418803418805 5.873214946551361e-5
144.03516483516484 2.704846074952237e-5
148.03614163614162 1.4752444355855275e-5
152.03711843711844 2.4204915423141828e-5
156.03809523809525 5.527092985935741e-5
160.03907203907204 5.693899201538793e-5
164.04004884004883 6.382615532113766e-5
168.04102564102564 6.756231701280515e-5
172.04200244200246 5.427111460062128e-5
176.04297924297924 4.2346092252108815e-5
180.04395604395603 3.8588114943783906e-5
184.04493284493284 4.515590535898032e-5
188.04590964590966 5.985576421551039e-5
192.04688644688645 7.3156641770782e-5
196.04786324786323 6.034038835234835e-5
200.04884004884005 3.8036122139564765e-5
204.04981684981686 4.316789600236374e-5
208.05079365079365 6.71080862725997e-5
212.05177045177044 1.0060622598305436e-4
216.05274725274725 9.121377593230339e-5
220.05372405372407 7.202013346000683e-5
224.05470085470085 3.3351169880983846e-5
228.05567765567764 9.905882556787028e-6
232.05665445665446 2.4569424600247956e-6
236.05763125763127 1.6619138210854692e-5
240.05860805860806 6.727207138999909e-5
244.05958485958485 1.7619195927352686e-5
248.06056166056166 2.35089203395282e-6
252.06153846153848 1.1292820196666344e-5
256.06251526251526 4.083686576360382e-5
260.06349206349205 7.010162474079551e-5
264.06446886446884 9.695589782725018e-5
268.0654456654457 9.483525515365372e-5
272.06642246642247 6.309159182116236e-5
276.06739926739925 5.016468968598556e-5
280.0683760683761 5.4723414385863416e-5
284.0693528693529 7.29790562952933e-5
288.07032967032967 6.838051442109745e-5
292.07130647130646 6.300483220564887e-5
296.07228327228324 4.9069486563797005e-5
300.0732600732601 5.844899041531985e-5
304.0742368742369 7.81206816041088e-5
308.07521367521366 6.290456930297699e-5
312.0761904761905 5.724726529933796e-5
316.0771672771673 5.4109959805539856e-5
320.0781440781441 6.46131847469885e-5
324.07912087912086 6.432444570879638e-5
328.08009768009765 6.640793159590601e-5
332.0810744810745 5.008986493627495e-5
336.0820512820513 5.142279038766439e-5
340.08302808302807 7.204256805695e-5
344.0840048840049 6.451144578082184e-5
348.0849816849817 5.505040547614517e-5
352.0859584859585 5.80910527493447e-5
356.0869352869353 6.565342907287994e-5
360.08791208791206 6.709162321672321e-5
364.0888888888889 5.755695584718743e-5
368.0898656898657 5.1730426918713774e-5
372.0908424908425 7.433003935316e-5
376.0918192918193 6.333120506259656e-5
380.0927960927961 5.315294770584815e-5
384.0937728937729 5.581446047625781e-5
388.0947496947497 7.078748608716745e-5
392.09572649572647 5.755554474247431e-5
396.0967032967033 5.8782094912516805e-5
400.0976800976801 6.44413179901666e-5
404.0986568986569 5.478381057755505e-5
408.0996336996337 6.66272931135166e-5
412.1006105006105 6.047608020728105e-5
416.1015873015873 6.16017919644389e-5
420.1025641025641 6.085676349118837e-5
424.1035409035409 6.181374300913288e-5
428.1045177045177 5.558045753137805e-5
432.1054945054945 6.671807024281071e-5
436.1064713064713 5.947882923747429e-5
440.10744810744814 5.99604007567555e-5
444.1084249084249 6.171124128805312e-5
448.1094017094017 6.296596277222528e-5
452.1103785103785 6.14576763498063e-5
456.1113553113553 5.907613710009372e-5
460.1123321123321 6.015583202885316e-5
464.1133089133089 6.900138408162746e-5
468.1142857142857 6.109560286086603e-5
472.11526251526254 5.697930326777141e-5
476.11623931623933 5.502430156957776e-5
480.1172161172161 7.189232137399355e-5
484.1181929181929 5.2860040708290856e-5
488.1191697191697 5.6680568630051e-5
492.12014652014653 6.106305143844292e-5
496.1211233211233 6.302404642950003e-5
500.1221001221001 5.852656665437596e-5
504.12307692307695 5.891928880522914e-5
508.12405372405374 5.65655914321188e-5
512.1250305250305 6.873209228186243e-5
516.1260073260073 5.725285767120806e-5
520.1269841269841 5.489049558775746e-5
524.1279609279609 6.528775888178727e-5
528.1289377289377 6.50624525013747e-5
532.1299145299146 6.14136338859428e-5
536.1308913308914 5.2361697982517414e-5
540.1318681318681 6.70004526792057e-5
544.1328449328449 6.64064424775591e-5
548.1338217338217 6.022133520872451e-5
552.1347985347985 6.0876735555231576e-5
556.1357753357753 6.11889724771155e-5
560.1367521367522 6.398621127940766e-5
564.137728937729 6.0442228470683895e-5
568.1387057387058 5.636861177765577e-5
572.1396825396826 6.276688707870989e-5
576.1406593406593 6.319396771109853e-5
580.1416361416361 5.838152994002988e-5
584.1426129426129 6.319104380493989e-5
588.1435897435897 6.296072809604409e-5
592.1445665445665 6.111590199051223e-5
596.1455433455434 6.0144980968850264e-5
600.1465201465202 5.811315093904718e-5
604.147496947497 6.42629598265367e-5
608.1484737484737 6.27709231079292e-5
612.1494505494505 5.470622707254622e-5
616.1504273504273 6.136416395522923e-5
620.1514041514041 6.814995035384224e-5
624.152380952381 5.469004127085992e-5
628.1533577533578 6.214119236918951e-5
632.1543345543346 6.39284775840987e-5
636.1553113553114 6.3673412276573e-5
640.1562881562882 5.1465571740682856e-5
644.1572649572649 6.89385444979116e-5
648.1582417582417 6.350778015816658e-5
652.1592185592185 5.339737486926226e-5
656.1601953601953 5.97960817976585e-5
660.1611721611722 6.560260954115858e-5
664.162148962149 6.18078820618512e-5
668.1631257631258 5.4648133943424456e-5
672.1641025641026 6.334611179162637e-5
676.1650793650794 6.430034358111118e-5
680.1660561660561 5.586307083930761e-5
684.1670329670329 6.33237390360374e-5
688.1680097680098 6.381669845468496e-5
692.1689865689866 5.440594089341127e-5
696.1699633699634 6.0870850553834814e-5
700.1709401709402 6.564871392662263e-5
704.171916971917 5.9982700491375e-5
708.1728937728938 5.857167175409007e-5
712.1738705738705 6.433376979090075e-5
716.1748473748473 5.659293115210792e-5
720.1758241758241 6.904950766333568e-5
724.176800976801 5.486945523457565e-5
728.1777777777778 6.346896588552964e-5
732.1787545787546 5.7267104547980115e-5
736.1797313797314 6.346181784412189e-5
740.1807081807082 5.979699950884491e-5
744.181684981685 6.128380270746205e-5
748.1826617826617 6.740237821761919e-5
752.1836385836386 5.571202480044063e-5
756.1846153846154 5.6991441233048034e-5
760.1855921855922 6.795751597792055e-5
764.186568986569 5.986652789514581e-5
768.1875457875458 5.9787527756747214e-5
772.1885225885226 5.8406537098007775e-5
776.1894993894994 6.776188286767434e-5
780.1904761904761 6.113185650427656e-5
784.1914529914529 6.020289027521133e-5
788.1924297924298 6.400814162502489e-5
792.1934065934066 5.7688219931702984e-5
796.1943833943834 6.263002657915724e-5
800.1953601953602 5.973164324418668e-5
804.196336996337 5.685801541227391e-5
808.1973137973138 6.529109531250467e-5
812.1982905982906 6.341097768468198e-5
816.1992673992675 5.964618377070077e-5
820.2002442002442 6.041034809530604e-5
824.201221001221 5.85432303886661e-5
828.2021978021978 6.454972178488965e-5
832.2031746031746 6.433539064726567e-5
836.2041514041514 5.4714073423611156e-5
840.2051282051282 6.280099630352352e-5
844.206105006105 6.05926403103525e-5
848.2070818070817 6.385862443041114e-5
852.2080586080586 5.632889354817091e-5
856.2090354090354 6.11002899223211e-5
860.2100122100122 6.37769141584283e-5
864.210989010989 6.179658410777432e-5
868.2119658119658 5.683783087256843e-5
872.2129426129426 6.528518366128174e-5
876.2139194139194 6.141684093417144e-5
880.2148962148963 5.9311620791168446e-5
884.2158730158731 6.22360829684027e-5
888.2168498168498 5.791276413866166e-5
892.2178266178266 6.264977270382369e-5
896.2188034188034 5.8360368688324e-5
900.2197802197802 6.208909472858691e-5
904.220757020757 6.022521589435399e-5
908.2217338217338 5.9763479260919664e-5
912.2227106227106 6.52013958991176e-5
916.2236874236875 5.5209746846628615e-5
920.2246642246643 6.416485959336631e-5
924.225641025641 5.8821540974706036e-5
928.2266178266178 6.202145344831696e-5
932.2275946275946 6.288880972042917e-5
936.2285714285714 5.913034473983325e-5
940.2295482295482 6.234195044851646e-5
944.2305250305251 5.757025172475472e-5
948.2315018315019 6.523718274380612e-5
952.2324786324787 6.0447042175035666e-5
956.2334554334554 5.511008400891046e-5
960.2344322344322 6.937904518339426e-5
964.235409035409 5.96290526848945e-5
968.2363858363858 5.721949037152193e-5
972.2373626373626 6.54180941783044e-5
976.2383394383394 5.919635781892597e-5
980.2393162393163 5.878900504938201e-5
984.2402930402931 6.543044373839916e-5
988.2412698412699 6.21206471087112e-5
992.2422466422466 6.111911206908899e-5
996.2432234432234 5.682288771389598e-5
1000.2442002442002 6.495187186608052e-5
1004.245177045177 6.480626847222373e-5
1008.2461538461539 5.6751865386501485e-5
1012.2471306471307 6.407356477243796e-5
1016.2481074481075 6.19308127903983e-5
1020.2490842490843 5.724177128613376e-5
1024.250061050061 5.966553584336944e-5
1028.2510378510378 6.274536419792064e-5
1032.2520146520146 6.209301563949689e-5
1036.2529914529914 5.9498949012960344e-5
1040.2539682539682 5.815876059558413e-5
1044.254945054945 6.215835680546631e-5
1048.2559218559218 5.8253920505114176e-5
1052.2568986568986 5.876720040028367e-5
1056.2578754578753 5.991807154739551e-5
1060.2588522588524 5.972185031414652e-5
1064.2598290598291 6.497286057971361e-5
1068.260805860806 5.9177574410157046e-5
1072.2617826617827 6.276627628483898e-5
1076.2627594627595 6.258224493255405e-5
1080.2637362637363 5.885299515221224e-5
1084.264713064713 6.356822775651884e-5
1088.2656898656899 5.717927822229014e-5
1092.2666666666667 6.622612647037168e-5
1096.2676434676434 6.10014659849873e-5
1100.2686202686202 5.639768654749757e-5
1104.269597069597 6.200924432444976e-5
1108.2705738705738 6.62914167057736e-5
1112.2715506715506 5.391311953590595e-5
1116.2725274725274 6.525217223599698e-5
1120.2735042735044 6.341618618250307e-5
1124.2744810744812 5.944889466274774e-5
1128.275457875458 5.862582975193836e-5
1132.2764346764347 6.270900788448922e-5
1136.2774114774115 6.483185370741657e-5
1140.2783882783883 5.5232718287997605e-5
1144.279365079365 6.439722502798321e-5
1148.280341880342 5.9483727298774455e-5
1152.2813186813187 6.20291806718758e-5
1156.2822954822955 6.22672344824358e-5
1160.2832722832723 5.700002922301793e-5
1164.284249084249 6.134087864665563e-5
1168.2852258852258 6.398889182289532e-5
1172.2862026862026 5.983921131654233e-5
1176.2871794871794 5.878228645126937e-5
1180.2881562881562 5.981955916787992e-5
1184.289133089133 6.335850032359947e-5
1188.29010989011 6.312262224320548e-5
1192.2910866910868 5.878190099760723e-5
1196.2920634920636 5.902133512243732e-5
1200.2930402930403 6.485836085118248e-5
1204.2940170940171 6.370915186216965e-5
1208.294993894994 5.237336419817669e-5
1212.2959706959707 6.414259335323828e-5
1216.2969474969475 5.742181749405604e-5
1220.2979242979243 6.620452026199157e-5
1224.298901098901 6.0133172959922936e-5
1228.2998778998779 5.51966708501073e-5
1232.3008547008546 5.464249366583585e-5
1236.3018315018314 3.565526117317141e-5
1240.3028083028082 1.7496367404892984e-5
1244.303785103785 3.782877363682137e-5
1248.304761904762 1.6440202311399504e-5
1252.3057387057388 2.4527129584720068e-5
1256.3067155067156 4.751342978535317e-5
1260.3076923076924 6.631197704894081e-5
1264.3086691086692 7.188893133681159e-5
1268.309645909646 6.399062908715956e-5
1272.3106227106227 6.312721642605891e-5
1276.3115995115995 5.6427790643835254e-5
1280.3125763125763 5.872659522824723e-5
1284.313553113553 6.809103889611785e-5
1288.3145299145299 6.942121058157172e-5
1292.3155067155067 6.81045614942374e-5
1296.3164835164835 4.767471000700998e-5
1300.3174603174602 3.456516802096984e-5
1304.318437118437 2.13824198646942e-5
1308.3194139194138 9.388405775317543e-6
1312.3203907203906 2.2079693121908392e-5
1316.3213675213676 1.6765624549056128e-4
1320.3223443223444 8.482558452120264e-5
1324.3233211233212 4.5485671571744025e-6
1328.324297924298 9.711854253620226e-6
1332.3252747252748 1.6467153599545995e-5
1336.3262515262516 1.717845978079432e-5
1340.3272283272283 6.591429566809432e-5
1344.3282051282051 6.328696618177623e-5
1348.329181929182 2.7469763125253406e-5
1352.3301587301587 3.293621627346909e-5
1356.3311355311355 3.177851391667059e-5
1360.3321123321123 2.6010051045425892e-5
1364.333089133089 1.3172159581848626e-5
1368.3340659340658 7.150620293572956e-6
1372.3350427350426 3.500687262067889e-5
1376.3360195360196 7.563343768880345e-5
1380.3369963369964 5.402041387690679e-5
1384.3379731379732 2.066947619032542e-5
1388.33894993895 5.909458700223655e-5
1392.3399267399268 1.2002725123301322e-5
1396.3409035409036 2.4426274673322833e-6
1400.3418803418804 1.4721158326554561e-5
1404.3428571428572 9.935105794898078e-5
1408.343833943834 6.293788418478521e-5
1412.3448107448107 4.198093139606527e-5
1416.3457875457875 1.0093459242677081e-4
1420.3467643467643 8.38916182450247e-5
1424.347741147741 6.213034307921035e-5
1428.3487179487179 7.160375455683246e-5
1432.3496947496947 4.9609045009802084e-5
1436.3506715506714 5.5266629134421706e-5
1440.3516483516482 6.233417472909769e-5
1444.3526251526253 6.69497580354726e-5
1448.353601953602 5.2336379569465765e-5
1452.3545787545788 5.640488395120402e-5
1456.3555555555556 5.438389364273195e-5
1460.3565323565324 7.537271198890326e-5
1464.3575091575092 6.965760000956848e-5
1468.358485958486 2.9089152799258152e-5
1472.3594627594628 2.8883781971631173e-5
1476.3604395604395 6.503821062568642e-5
1480.3614163614163 1.1770492929815546e-5
1484.3623931623931 2.4148291947339452e-5
1488.36336996337 5.758113731115992e-5
1492.3643467643467 4.913973773440387e-5
1496.3653235653235 5.841551950263407e-5
1500.3663003663003 5.950849400825833e-5
1504.3672771672773 3.907944669410209e-5
1508.368253968254 5.5258016056251406e-5
1512.3692307692309 6.064632318457677e-5
1516.3702075702076 7.009110218740618e-5
1520.3711843711844 4.8890965973622124e-5
1524.3721611721612 5.87070323636292e-5
1528.373137973138 4.669826079289706e-5
1532.3741147741148 7.556449078565124e-5
1536.3750915750916 6.51828674409961e-5
1540.3760683760684 3.396838746279961e-5
1544.3770451770451 4.702237904637459e-5
1548.378021978022 3.838767811997963e-5
1552.3789987789987 2.157096374802441e-5
1556.3799755799755 3.7826010193027805e-5
1560.3809523809523 5.6586871106732276e-5
1564.381929181929 7.006370750941081e-5
1568.3829059829059 6.940792475196422e-5
1572.3838827838829 6.572118130441867e-5
1576.3848595848597 5.95898896101542e-5
1580.3858363858365 4.7262979302867066e-5
1584.3868131868132 5.923495904240731e-5
1588.38778998779 8.359317586258223e-5
1592.3887667887668 4.692668901910005e-5
1596.3897435897436 5.364860661775442e-5
1600.3907203907204 6.509358671413826e-5
1604.3916971916972 7.202945172931606e-5
1608.392673992674 5.711307909498724e-5
1612.3936507936507 5.26194456464969e-5
1616.3946275946275 6.648905774861175e-5
1620.3956043956043 6.600384508406682e-5
1624.396581196581 6.058698780181403e-5
1628.397557997558 5.4321082881895354e-5
1632.398534798535 5.973095117653917e-5
1636.3995115995117 6.602258151699356e-5
1640.4004884004885 6.003781595275154e-5
1644.4014652014653 5.66316517221534e-5
1648.402442002442 6.194059514301596e-5
1652.4034188034188 5.899755470359777e-5
1656.4043956043956 6.42404037926007e-5
1660.4053724053724 5.877085461065401e-5
1664.4063492063492 6.129652075729635e-5
1668.407326007326 5.678531179220065e-5
1672.4083028083028 6.245192672397408e-5
1676.4092796092796 6.276172650840808e-5
1680.4102564102564 6.297984590685001e-5
1684.4112332112331 6.0054701159917986e-5
1688.41221001221 6.065228731204147e-5
1692.4131868131867 6.739991384918482e-5
1696.4141636141635 5.560801599273201e-5
1700.4151404151405 5.996938267395099e-5
1704.4161172161173 6.718035191540464e-5
1708.417094017094 5.6181371314397425e-5
1712.4180708180709 6.429206119548203e-5
1716.4190476190477 5.561153891502717e-5
1720.4200244200244 6.217061637372872e-5
1724.4210012210012 6.852090402959476e-5
1728.421978021978 5.506143822261697e-5
1732.4229548229548 6.176428538584529e-5
1736.4239316239316 6.410204284121537e-5
1740.4249084249084 5.9392494364977086e-5
1744.4258852258852 6.004725134940604e-5
1748.426862026862 5.7883952474997875e-5
1752.4278388278387 6.165076199150278e-5
1756.4288156288155 6.424142284766398e-5
1760.4297924297925 5.8018763724986877e-5
1764.4307692307693 6.735635939994903e-5
1768.4317460317461 5.528304695354269e-5
1772.432722832723 6.232635097641609e-5
1776.4336996336997 6.349085233325944e-5
1780.4346764346765 5.9203936103164746e-5
1784.4356532356533 6.308037189026283e-5
1788.43663003663 5.8029614324940496e-5
1792.4376068376068 6.489618280577957e-5
1796.4385836385836 5.8127153596834424e-5
1800.4395604395604 6.272112744042274e-5
1804.4405372405372 5.815699942568433e-5
1808.441514041514 5.8859928369256036e-5
1812.4424908424908 6.481977265956852e-5
1816.4434676434676 5.6534449105003076e-5
1820.4444444444443 6.078232773167551e-5
1824.4454212454211 5.988004255136475e-5
1828.4463980463981 6.162865822442436e-5
1832.447374847375 6.200973117008926e-5
1836.4483516483517 6.0963780795698826e-5
1840.4493284493285 6.009059221595004e-5
1844.4503052503053 6.284552866293892e-5
1848.451282051282 6.191649582909941e-5
1852.4522588522589 5.697950424178562e-5
1856.4532356532357 6.754156305461913e-5
1860.4542124542124 5.7173915574364537e-5
1864.4551892551892 6.50443506910508e-5
1868.456166056166 5.69570934334249e-5
1872.4571428571428 6.154705745063213e-5
1876.4581196581196 6.642747872286238e-5
1880.4590964590964 5.951284864210167e-5
1884.4600732600732 5.487575876208458e-5
1888.4610500610502 6.355358035008488e-5
1892.462026862027 6.523558282026104e-5
1896.4630036630037 5.738817800064413e-5
1900.4639804639805 6.225487480308238e-5
1904.4649572649573 6.081474978068871e-5
1908.465934065934 6.594316297671912e-5
1912.466910866911 5.986404782759595e-5
1916.4678876678877 6.0992057275035546e-5
1920.4688644688645 6.308853468244547e-5
1924.4698412698413 6.443972249392493e-5
1928.470818070818 5.429217373005889e-5
1932.4717948717948 6.476329212027972e-5
1936.4727716727716 6.003656901712764e-5
1940.4737484737484 6.769234448638172e-5
1944.4747252747252 5.665554417512485e-5
1948.475702075702 5.8382563424729e-5
1952.4766788766788 6.628930960852246e-5
1956.4776556776558 5.853573522093441e-5
1960.4786324786326 5.921455900393698e-5
1964.4796092796093 6.21627837490065e-5
1968.4805860805861 6.121947520155502e-5
1972.481562881563 6.432484344716442e-5
1976.4825396825397 5.678296977360074e-5
1980.4835164835165 6.486144139337529e-5
1984.4844932844933 5.713444028006343e-5
1988.48547008547 6.304700105646299e-5
1992.4864468864469 6.424598727000763e-5
1996.4874236874236 5.659623280912819e-5
2000.4884004884004 6.0415681378701586e-5
2004.4893772893772 7.02640188468861e-5
2008.490354090354 5.650610367923049e-5
2012.4913308913308 6.433122540803279e-5
2016.4923076923078 5.935876914685039e-5
2020.4932844932846 6.409310144488825e-5
2024.4942612942614 6.154649733319055e-5
2028.4952380952382 5.6600017785655056e-5
2032.496214896215 6.041090399798588e-5
2036.4971916971917 6.464210925400948e-5
2040.4981684981685 5.814220132444843e-5
2044.4991452991453 6.192297456145864e-5
2048.500122100122 5.743945755304936e-5
2052.501098901099 6.311015244167175e-5
2056.5020757020757 6.162696895637618e-5
2060.5030525030525 5.063982703677069e-5
2064.5040293040292 6.288313919552521e-5
2068.505006105006 6.737800668372849e-5
2072.505982905983 5.917525754291687e-5
2076.5069597069596 5.941579142017796e-5
2080.5079365079364 6.0690369865014616e-5
2084.508913308913 6.078267549140965e-5
2088.50989010989 6.51099417446994e-5
2092.5108669108668 5.265896680301354e-5
2096.5118437118435 6.715831980693562e-5
2100.5128205128203 6.231658440413455e-5
2104.513797313797 5.924526263930216e-5
2108.514774114774 6.339419847651441e-5
2112.5157509157507 5.877717842227726e-5
2116.516727716728 5.977873048663495e-5
2120.5177045177047 6.631524121414481e-5
2124.5186813186815 5.483733148009792e-5
2128.5196581196583 5.938203463404944e-5
2132.520634920635 7.042692973753604e-5
2136.521611721612 5.196005154076409e-5
2140.5225885225886 6.28210337983665e-5
2144.5235653235654 6.301568375759309e-5
2148.524542124542 6.121408097616046e-5
2152.525518925519 6.045267757451121e-5
2156.526495726496 5.6051265128074926e-5
2160.5274725274726 6.528129135869069e-5
2164.5284493284494 5.998846160623362e-5
2168.529426129426 5.861524059386217e-5
2172.530402930403 6.276313670632643e-5
2176.5313797313797 6.227949653518592e-5
2180.5323565323565 5.8718223602390106e-5
2184.5333333333333 6.062990725822407e-5
2188.53431013431 5.903155761195337e-5
2192.535286935287 6.131754692176476e-5
2196.5362637362637 5.854260032915905e-5
2200.5372405372405 6.401305129730618e-5
2204.5382173382172 5.890180393688379e-5
2208.539194139194 5.66141894138941e-5
2212.540170940171 6.3665363264948e-5
2216.5411477411476 6.409770227554603e-5
2220.5421245421244 6.052198291664315e-5
2224.543101343101 5.868586130214797e-5
2228.544078144078 6.503747284836252e-5
2232.5450549450547 6.051824490361333e-5
2236.5460317460315 5.9528806274852604e-5
2240.5470085470088 6.46536530723782e-5
2244.5479853479856 6.118362870754875e-5
2248.5489621489623 5.820487280322154e-5
2252.549938949939 5.947501268084571e-5
2256.550915750916 6.385847021851824e-5
2260.5518925518927 6.021051798307822e-5
2264.5528693528695 6.134385515292768e-5
2268.5538461538463 6.120987811484663e-5
2272.554822954823 5.776601824734809e-5
2276.5557997558 6.425737982585893e-5
2280.5567765567766 5.819577683066278e-5
2284.5577533577534 6.296328548709684e-5
2288.55873015873 6.102797974370604e-5
2292.559706959707 6.152970873152388e-5
2296.560683760684 5.9509333103588294e-5
2300.5616605616606 6.0466292730045404e-5
2304.5626373626374 5.8671622027133226e-5
2308.563614163614 6.1388769695325e-5
2312.564590964591 6.29992734611994e-5
2316.5655677655677 6.233513877460924e-5
2320.5665445665445 5.4508384389236465e-5
2324.5675213675213 6.654534864070578e-5
2328.568498168498 6.1399056919089e-5
2332.569474969475 5.430851491000874e-5
2336.5704517704517 6.311958883337731e-5
2340.5714285714284 6.294332252177935e-5
2344.5724053724052 6.338627531577942e-5
2348.573382173382 5.4679044247513e-5
2352.574358974359 6.205714462460417e-5
2356.5753357753356 6.443649222198934e-5
2360.5763125763124 6.119835004137687e-5
2364.577289377289 6.106861960716089e-5
2368.578266178266 6.341964138314634e-5
2372.579242979243 6.184807953309198e-5
2376.58021978022 5.991526874486584e-5
2380.5811965811968 6.319089828949812e-5
2384.5821733821736 6.259448485915473e-5
2388.5831501831503 5.929197288544061e-5
2392.584126984127 6.0643355995433106e-5
2396.585103785104 5.8326205875764336e-5
2400.5860805860807 6.37107012264811e-5
2404.5870573870575 6.223654490228599e-5
2408.5880341880343 5.982663912298386e-5
2412.589010989011 6.432868419329181e-5
2416.589987789988 5.95259709840275e-5
2420.5909645909646 6.581088309781629e-5
2424.5919413919414 5.182039903097622e-5
2428.592918192918 6.344623332075149e-5
2432.593894993895 6.103740700217618e-5
2436.594871794872 6.088998936674984e-5
2440.5958485958486 5.936261580107133e-5
2444.5968253968254 6.146911585497433e-5
2448.597802197802 6.311231705496867e-5
2452.598778998779 6.0294928515960465e-5
2456.5997557997557 6.177876485230293e-5
2460.6007326007325 5.998618744602293e-5
2464.6017094017093 6.126091683601513e-5
2468.602686202686 5.926898921954692e-5
2472.603663003663 5.925169640387049e-5
2476.6046398046396 6.191575940485688e-5
2480.6056166056164 5.768568154271238e-5
2484.606593406593 6.377771965677503e-5
2488.60757020757 5.9750154998186685e-5
2492.608547008547 6.011518593927837e-5
2496.609523809524 5.953378265546813e-5
2500.610500610501 6.184045220293098e-5
2504.6114774114776 6.202346853559982e-5
2508.6124542124544 5.638422638743935e-5
2512.613431013431 5.8091550429495545e-5
2516.614407814408 6.970042540556264e-5
2520.6153846153848 5.5517694757856704e-5
2524.6163614163615 5.636847401034279e-5
2528.6173382173383 6.882732195945142e-5
2532.618315018315 5.774605189856289e-5
2536.619291819292 5.994070454288444e-5
2540.6202686202687 5.674658130880201e-5
2544.6212454212455 6.774191234165557e-5
2548.6222222222223 5.9433682940843944e-5
2552.623199023199 5.8045831969296675e-5
2556.624175824176 6.498702430518088e-5
2560.6251526251526 5.9361957999256126e-5
2564.6261294261294 6.196571184232867e-5
2568.627106227106 5.943481852875454e-5
2572.628083028083 6.346876476008959e-5
2576.6290598290598 5.881236555557475e-5
2580.6300366300366 5.9609983752021025e-5
2584.6310134310133 6.261836206126833e-5
2588.63199023199 6.316677665932184e-5
2592.632967032967 5.8984162110921776e-5
2596.6339438339437 5.9754191336506003e-5
2600.6349206349205 6.18440384836103e-5
2604.6358974358973 5.7828290254211375e-5
2608.636874236874 6.666312214105294e-5
2612.637851037851 5.521997419224546e-5
2616.6388278388276 6.885694965276355e-5
2620.6398046398044 5.558986432266781e-5
2624.640781440781 5.960315807284303e-5
2628.6417582417585 6.192244965603328e-5
2632.6427350427352 6.493571519468745e-5
2636.643711843712 5.710807995816583e-5
2640.644688644689 6.239134919442921e-5
2644.6456654456656 6.343479388043978e-5
2648.6466422466424 6.042192688848386e-5
2652.647619047619 5.992644214900122e-5
2656.648595848596 6.383599172473796e-5
2660.6495726495727 5.6382461911008435e-5
2664.6505494505495 6.0970109916740756e-5
2668.6515262515263 6.497017510037571e-5
2672.652503052503 5.933347206681025e-5
2676.65347985348 5.864257721231566e-5
2680.6544566544567 6.49001527791919e-5
2684.6554334554335 6.366587766901934e-5
2688.6564102564103 5.579693761237545e-5
2692.657387057387 5.9484785506089456e-5
2696.658363858364 6.68461083201322e-5
2700.6593406593406 5.921931841095979e-5
2704.6603174603174 5.754407790608366e-5
2708.661294261294 6.185904806380942e-5
2712.662271062271 6.735045024078726e-5
2716.6632478632478 6.289347032559341e-5
2720.6642246642245 5.663630027380721e-5
2724.6652014652013 5.8148019471211386e-5
2728.666178266178 7.381585182450977e-5
2732.667155067155 7.173875049297556e-5
2736.6681318681317 5.296500577088719e-5
2740.6691086691085 2.4096681887039388e-5
2744.6700854700853 3.66499525738854e-5
2748.671062271062 8.015897213058728e-5
2752.6720390720393 5.1696792950105494e-5
2756.673015873016 7.719473066128723e-5
2760.673992673993 2.3607221958953905e-5
2764.6749694749697 1.7375394427070488e-5
2768.6759462759464 1.4721111109518023e-5
2772.6769230769232 2.4604837888705884e-5
2776.6778998779 3.878741296997156e-5
2780.678876678877 1.4278360231634723e-5
2784.6798534798536 2.79628696425717e-5
2788.6808302808304 4.495945209845851e-5
2792.681807081807 5.754906186505032e-5
2796.682783882784 7.15333767268455e-5
2800.6837606837607 7.241121204462148e-5
2804.6847374847375 5.432373135039007e-5
2808.6857142857143 5.77770585830744e-5
2812.686691086691 6.157632804361936e-5
2816.687667887668 7.17840712921129e-5
2820.6886446886447 6.0744811063334414e-5
2824.6896214896215 5.484054878969024e-5
2828.6905982905982 6.527953938682891e-5
2832.691575091575 6.375226868324122e-5
2836.692551892552 6.526883493919592e-5
2840.6935286935286 5.267501580897893e-5
2844.6945054945054 5.969644260359023e-5
2848.695482295482 6.97494482982239e-5
2852.696459096459 5.507984557592266e-5
2856.6974358974358 6.140795575617688e-5
2860.6984126984125 5.956060837626173e-5
2864.6993894993893 6.610425027835707e-5
2868.700366300366 6.043845972393676e-5
2872.701343101343 5.841017428615715e-5
2876.7023199023197 6.0175240418685596e-5
2880.7032967032965 6.50334132018063e-5
2884.7042735042737 5.978236761931226e-5
2888.7052503052505 5.533298022350704e-5
2892.7062271062273 6.332694202810775e-5
2896.707203907204 6.642381253284656e-5
2900.708180708181 5.5742110310259905e-5
2904.7091575091576 6.337664557411012e-5
2908.7101343101344 6.157786884154238e-5
2912.711111111111 6.240071679416405e-5
2916.712087912088 5.8216457613202566e-5
2920.713064713065 6.003581941518301e-5
2924.7140415140416 6.147539187182743e-5
2928.7150183150184 5.977516671814541e-5
2932.715995115995 6.264410908106228e-5
2936.716971916972 6.29226150042495e-5
2940.7179487179487 5.608657973452145e-5
2944.7189255189255 6.151659377872152e-5
2948.7199023199023 6.74422357792086e-5
2952.720879120879 5.807452926855582e-5
2956.721855921856 6.108052933160609e-5
2960.7228327228327 6.190950885905775e-5
2964.7238095238095 6.25545522229993e-5
2968.7247863247862 6.033903974183723e-5
2972.725763125763 5.988361904546967e-5
2976.72673992674 6.385519861951315e-5
2980.7277167277166 5.550355392108461e-5
2984.7286935286934 6.577508477554867e-5
2988.72967032967 5.956871123913151e-5
2992.730647130647 5.9151018556534866e-5
2996.7316239316237 5.9366783986622834e-5
3000.7326007326005 7.004300807674746e-5
3004.7335775335773 5.466713508695039e-5
3008.7345543345546 5.678453410000949e-5
3012.7355311355313 6.570567545830503e-5
3016.736507936508 6.320096072320066e-5
3020.737484737485 5.565262941006773e-5
3024.7384615384617 5.537406174730592e-5
3028.7394383394385 7.190778594886673e-5
3032.7404151404153 5.8366358130687225e-5
3036.741391941392 5.864703709729946e-5
3040.742368742369 6.329349601918091e-5
3044.7433455433456 6.627786265719422e-5
3048.7443223443224 5.752179695190268e-5
3052.745299145299 6.353225716046663e-5
3056.746275946276 5.8098504325250884e-5
3060.747252747253 6.530587665751497e-5
3064.7482295482296 6.140425367370323e-5
3068.7492063492064 6.270693074102499e-5
3072.750183150183 5.396152507956161e-5
3076.75115995116 6.569736821899424e-5
3080.7521367521367 6.140268103281617e-5
3084.7531135531135 5.975684849043599e-5
3088.7540903540903 6.007174270481471e-5
3092.755067155067 6.177721663287695e-5
3096.756043956044 6.577563943854393e-5
3100.7570207570207 5.3252205809086087e-5
3104.7579975579974 6.450615266250647e-5
3108.7589743589742 6.357918944202921e-5
3112.759951159951 6.0876529248422124e-5
3116.760927960928 5.5108036337188095e-5
3120.7619047619046 6.475261676272617e-5
3124.7628815628814 6.447214493617332e-5
3128.763858363858 5.940202087067831e-5
3132.764835164835 6.305458674880855e-5
3136.7658119658117 6.132842245822883e-5
3140.766788766789 5.676854766159848e-5
3144.7677655677658 6.438201847509429e-5
3148.7687423687426 6.033637701982652e-5
3152.7697191697193 5.7093776600832474e-5
3156.770695970696 6.510050671490485e-5
3160.771672771673 5.8716911778363746e-5
3164.7726495726497 5.879737053935472e-5
3168.7736263736265 6.822543567090839e-5
3172.7746031746033 5.6092705964544314e-5
3176.77557997558 6.199986063390651e-5
3180.776556776557 5.823678844581979e-5
3184.7775335775336 6.565772000351925e-5
3188.7785103785104 5.7512228657035e-5
3192.779487179487 6.643943151473625e-5
3196.780463980464 5.76297904468406e-5
3200.781440781441 6.285367711101049e-5
3204.7824175824176 6.018321396663868e-5
3208.7833943833944 6.019989811497877e-5
3212.784371184371 6.121660341529587e-5
3216.785347985348 6.428050058063222e-5
3220.7863247863247 5.8966053369418955e-5
3224.7873015873015 6.037415415722121e-5
3228.7882783882783 6.36861533833642e-5
3232.789255189255 6.389687592743151e-5
3236.790231990232 5.5290759450764626e-5
3240.7912087912086 6.434777222111721e-5
3244.7921855921854 6.663035762878659e-5
3248.793162393162 5.64596001737045e-5
3252.794139194139 6.377806247290913e-5
3256.795115995116 6.263458305715048e-5
3260.7960927960926 5.945197396051141e-5
3264.79706959707 5.9656705840782225e-5
3268.7980463980466 6.16046990277256e-5
3272.7990231990234 6.263574756587533e-5
3276.8 5.730210270934572e-5
3280.800976800977 6.492398499665254e-5
3284.8019536019538 5.9899747539110925e-5
3288.8029304029305 5.904020549965479e-5
3292.8039072039073 6.53082549104669e-5
3296.804884004884 6.035390531920069e-5
3300.805860805861 6.0048260048385717e-5
3304.8068376068377 5.8086449226100016e-5
3308.8078144078145 6.709318259870252e-5
3312.8087912087913 5.926854264736548e-5
3316.809768009768 6.0114560164346665e-5
3320.810744810745 6.038895555827803e-5
3324.8117216117216 6.418875912616091e-5
3328.8126984126984 5.888282693661795e-5
3332.813675213675 6.16037021930612e-5
3336.814652014652 5.997004020552405e-5
3340.8156288156288 6.134612003206078e-5
3344.8166056166056 6.308600661597446e-5
3348.8175824175823 5.887756706485277e-5
3352.818559218559 6.010849626687964e-5
3356.819536019536 6.230541401783798e-5
3360.8205128205127 6.592574214509866e-5
3364.8214896214895 5.697117209733374e-5
3368.8224664224663 5.502667912152233e-5
3372.823443223443 7.09017059934077e-5
3376.82442002442 6.163854158158361e-5
3380.8253968253966 5.060156186819971e-5
3384.8263736263734 6.57948537390425e-5
3388.82735042735 6.607791632108797e-5
3392.828327228327 5.637199782792159e-5
3396.8293040293042 6.030700554839924e-5
3400.830280830281 6.54846936895405e-5
3404.831257631258 6.059924404914627e-5
3408.8322344322346 6.0149968221017694e-5
3412.8332112332114 5.781961975050582e-5
3416.834188034188 6.300092777490054e-5
3420.835164835165 6.370233525731654e-5
3424.8361416361417 5.976480698674353e-5
3428.8371184371185 5.856721236247275e-5
3432.8380952380953 6.57859847646168e-5
3436.839072039072 6.238852149814356e-5
3440.840048840049 5.817465773141023e-5
3444.8410256410257 5.8434420246964225e-5
3448.8420024420025 6.560672908847377e-5
3452.8429792429793 5.554308618107437e-5
3456.843956043956 6.543203432870823e-5
3460.844932844933 5.896269297979007e-5
3464.8459096459096 6.035079385927967e-5
3468.8468864468864 6.02225415281332e-5
3472.847863247863 6.318177673200265e-5
3476.84884004884 5.9193774897482526e-5
3480.8498168498168 5.624246191340238e-5
3484.8507936507935 6.258053388190582e-5
3488.8517704517703 6.710303246053788e-5
3492.852747252747 5.560963498823399e-5
3496.853724053724 6.0131338486608125e-5
3500.8547008547007 6.33087032704252e-5
3504.8556776556775 6.0854338465589855e-5
3508.8566544566543 5.799829991160882e-5
3512.857631257631 5.6720704823445836e-5
3516.858608058608 5.81631799387436e-5
3520.859584859585 6.405685703962182e-5
3524.860561660562 6.113178939469869e-5
3528.8615384615387 5.887955285626581e-5
3532.8625152625154 6.270431199132442e-5
3536.8634920634922 5.837659401439214e-5
3540.864468864469 6.436915406733533e-5
3544.865445665446 5.8581550058846115e-5
3548.8664224664226 5.946115723346559e-5
3552.8673992673994 6.281864377773394e-5
3556.868376068376 6.389848780599786e-5
3560.869352869353 5.639400090328308e-5
3564.8703296703297 6.1659112030382e-5
3568.8713064713065 6.392177189573553e-5
3572.8722832722833 5.4384063180556015e-5
3576.87326007326 6.110454373511076e-5
3580.874236874237 6.10412106090434e-5
3584.8752136752137 6.618120487805108e-5
3588.8761904761905 6.005113527502847e-5
3592.8771672771672 6.0333597058902874e-5
3596.878144078144 5.337827103697317e-5
3600.879120879121 7.09348738709829e-5
3604.8800976800976 5.669115966429219e-5
3608.8810744810744 5.996533749381177e-5
3612.882051282051 6.077619594675619e-5
3616.883028083028 7.054330392179121e-5
3620.8840048840048 5.594468636181437e-5
3624.8849816849815 6.375589293311176e-5
3628.8859584859583 6.222081591736767e-5
3632.886935286935 5.6708410231068245e-5
3636.887912087912 6.0580622386434714e-5
3640.8888888888887 6.026183489359592e-5
3644.8898656898655 5.9897950888682856e-5
3648.8908424908423 5.9092800725691105e-5
3652.8918192918195 6.293999433139839e-5
3656.8927960927963 5.964724339666139e-5
3660.893772893773 5.970968847720926e-5
3664.89474969475 5.9199308360011984e-5
3668.8957264957266 6.189189830208568e-5
3672.8967032967034 5.7358958836195624e-5
3676.89768009768 6.230683809089232e-5
3680.898656898657 6.631582590092856e-5
3684.899633699634 5.3865569358312626e-5
3688.9006105006106 6.58971889568038e-5
3692.9015873015874 5.88418420349603e-5
3696.902564102564 6.243843869998507e-5
3700.903540903541 5.9302669553064355e-5
3704.9045177045177 6.037006714096216e-5
3708.9054945054945 6.445774512626391e-5
3712.9064713064713 5.844065331046657e-5
3716.907448107448 6.518740507564897e-5
3720.908424908425 5.2133608453196176e-5
3724.9094017094017 6.219359020905212e-5
3728.9103785103785 6.46868775557106e-5
3732.9113553113552 6.069725240789967e-5
3736.912332112332 6.0442998004337735e-5
3740.913308913309 5.8918110415449605e-5
3744.9142857142856 6.556497260040908e-5
3748.9152625152624 5.616890262400986e-5
3752.916239316239 6.487642565949598e-5
3756.917216117216 5.8670679230192035e-5
3760.9181929181927 5.961673368210347e-5
3764.9191697191695 6.476535259256161e-5
3768.9201465201463 5.7120702752574844e-5
3772.921123321123 5.979210780351246e-5
3776.9221001221003 6.340781650119132e-5
3780.923076923077 6.02743452240999e-5
3784.924053724054 6.065393254822594e-5
3788.9250305250307 6.028071811097341e-5
3792.9260073260075 6.21655022403607e-5
3796.9269841269843 5.948251910022301e-5
3800.927960927961 6.244213305240032e-5
3804.928937728938 5.667069745620219e-5
3808.9299145299146 6.603484772056776e-5
3812.9308913308914 5.8166657689164657e-5
3816.931868131868 6.007483967441791e-5
3820.932844932845 6.342299980058219e-5
3824.933821733822 6.192918020176097e-5
3828.9347985347986 5.866633004814288e-5
3832.9357753357754 6.067983863035458e-5
3836.936752136752 6.319692004314538e-5
3840.937728937729 5.968564827133575e-5
3844.9387057387057 6.219379054946551e-5
3848.9396825396825 5.768794614386719e-5
3852.9406593406593 6.245800104158093e-5
3856.941636141636 5.627895402443204e-5
3860.942612942613 6.219392663629244e-5
3864.9435897435897 6.339133182998462e-5
3868.9445665445664 6.208637362866136e-5
3872.9455433455432 5.727364722247692e-5
3876.94652014652 6.326216114796303e-5
3880.947496947497 6.005241176482887e-5
3884.9484737484736 6.23441591358385e-5
3888.9494505494504 6.028264470261793e-5
3892.950427350427 5.5933936074521046e-5
3896.951404151404 6.767240329822434e-5
3900.9523809523807 6.256805182752156e-5
3904.9533577533575 5.276622963986061e-5
3908.9543345543348 6.092532868898299e-5
3912.9553113553116 6.625343717639691e-5
3916.9562881562883 5.8561774564292964e-5
3920.957264957265 6.103848871404172e-5
3924.958241758242 5.7890816330304504e-5
3928.9592185592187 6.658231762343673e-5
3932.9601953601955 6.090406807675517e-5
3936.9611721611723 5.85528959218542e-5
3940.962148962149 6.531890155160423e-5
3944.963125763126 6.182171550199012e-5
3948.9641025641026 5.6258831248899116e-5
3952.9650793650794 6.216914678419298e-5
3956.966056166056 6.418311656397342e-5
3960.967032967033 5.956091434423559e-5
3964.96800976801 6.0560327615519934e-5
3968.9689865689866 5.632391155162434e-5
3972.9699633699634 6.59007614831857e-5
3976.97094017094 5.836241781311344e-5
3980.971916971917 6.567506888950906e-5
3984.9728937728937 5.750287900249885e-5
3988.9738705738705 5.899671905731097e-5
3992.9748473748473 6.444048565862611e-5
3996.975824175824 6.073605115745718e-5
4000.976800976801 5.8358219374915124e-5
4004.9777777777776 5.8632400628477865e-5
4008.9787545787544 6.215774772121914e-5
4012.979731379731 6.425389359144063e-5
4016.980708180708 5.7714079401421476e-5
4020.981684981685 6.619645978391689e-5
4024.9826617826616 5.664096341704109e-5
4028.9836385836384 6.381912954567893e-5
4032.9846153846156 5.998976537293511e-5
4036.9855921855924 6.319547660426808e-5
4040.986568986569 6.299519350395303e-5
4044.987545787546 6.049469332345831e-5
4048.9885225885228 5.800417591874341e-5
4052.9894993894995 6.310601200820506e-5
4056.9904761904763 6.147132066699878e-5
4060.991452991453 6.066018271111599e-5
4064.99242979243 6.148254626695186e-5
4068.9934065934067 5.8432339638927685e-5
4072.9943833943835 5.9317488618576685e-5
4076.9953601953603 6.732897453797399e-5
4080.996336996337 5.5320748768667524e-5
4084.997313797314 5.761648139615155e-5
4088.9982905982906 6.894035237053867e-5
4092.9992673992674 5.3912573890232504e-5
4097.000244200244 6.39633459867851e-5
4101.001221001221 6.0763183518431585e-5
4105.002197802198 5.696424218265936e-5
4109.003174603175 6.547960112616256e-5
4113.004151404151 5.5885375541611335e-5
4117.005128205128 5.31704634941518e-5
4121.006105006105 6.001361896536651e-5
4125.007081807082 8.491686853930551e-5
4129.0080586080585 3.810572381055742e-5
4133.009035409035 5.22981352592511e-5
4137.010012210012 6.294992882348912e-5
4141.010989010989 3.5794412867813224e-5
4145.011965811966 5.771139812535293e-5
4149.012942612942 7.344614046862524e-5
4153.013919413919 5.833110201148263e-5
4157.014896214896 4.519410114497452e-5
4161.015873015873 5.4569928086203184e-5
4165.01684981685 6.952211343569677e-5
4169.017826617826 3.521628478911186e-5
4173.018803418803 4.533425689198557e-5
4177.01978021978 6.845534445755057e-5
4181.020757020757 6.647466907686837e-5
4185.0217338217335 6.075096457396036e-5
4189.02271062271 5.685042386875826e-5
4193.023687423687 6.375593588387248e-5
4197.024664224664 6.151440796640108e-5
4201.025641025641 5.861594906383838e-5
4205.026617826617 6.377135275926108e-5
4209.027594627594 5.75291953327801e-5
4213.028571428571 6.317674851354801e-5
4217.029548229548 5.905116944537777e-5
4221.030525030525 6.331557529260025e-5
4225.031501831501 6.02158414731283e-5
4229.032478632479 5.992536844618985e-5
4233.033455433456 6.122765913589483e-5
4237.034432234433 6.662539988130982e-5
4241.035409035409 5.503018892025526e-5
4245.036385836386 5.928094866385227e-5
4249.037362637363 6.341558286902479e-5
4253.03833943834 6.490546180170194e-5
4257.039316239317 5.635838876344744e-5
4261.040293040293 5.8564247264826104e-5
4265.04126984127 7.287257408773e-5
4269.042246642247 5.636624147814085e-5
4273.043223443224 5.643878332578678e-5
4277.0442002442005 6.600576361391421e-5
4281.045177045177 6.272989943671814e-5
4285.046153846154 5.866726637683194e-5
4289.047130647131 5.7520575683621025e-5
4293.048107448108 6.710443925466096e-5
4297.049084249084 6.134136968028582e-5
4301.050061050061 5.5736045706025685e-5
4305.051037851038 6.549526615110949e-5
4309.052014652015 6.029164523333071e-5
4313.052991452992 5.9103452160546153e-5
4317.053968253968 6.459151299103858e-5
4321.054945054945 5.9919360497208535e-5
4325.055921855922 6.365066252739287e-5
4329.056898656899 6.096105118798948e-5
4333.0578754578755 5.995626589242552e-5
4337.058852258852 5.804332354683571e-5
4341.059829059829 6.472579504302062e-5
4345.060805860806 5.9927195422906716e-5
4349.061782661783 6.26242301353396e-5
4353.0627594627595 5.453417501095853e-5
4357.063736263736 6.807370722409977e-5
4361.064713064713 5.9454014922692236e-5
4365.06568986569 5.7637387721980956e-5
4369.066666666667 6.244429088592924e-5
4373.067643467643 6.0526437241014096e-5
4377.06862026862 5.929432765867793e-5
4381.069597069597 5.905906236640031e-5
4385.070573870574 5.992958322396507e-5
4389.0715506715505 6.325730793639963e-5
4393.072527472527 6.040600662213912e-5
4397.073504273504 5.6624049806815436e-5
4401.074481074481 6.228356080972231e-5
4405.075457875458 6.234239110569971e-5
4409.0764346764345 5.845338535818939e-5
4413.077411477411 6.972254518519387e-5
4417.078388278388 5.9917420997880216e-5
4421.079365079365 5.6620918032850934e-5
4425.080341880342 6.039200735492273e-5
4429.081318681318 6.345858371902123e-5
4433.082295482295 6.31198594025135e-5
4437.083272283272 5.653441062117119e-5
4441.084249084249 6.401597972390826e-5
4445.085225885226 6.631610714551367e-5
4449.086202686202 5.326192051125158e-5
4453.087179487179 6.501991880250764e-5
4457.088156288156 6.246285641485928e-5
4461.089133089133 6.097150464394011e-5
4465.0901098901095 5.94916343688764e-5
4469.091086691086 6.137654865784282e-5
4473.092063492063 6.388124460614478e-5
4477.09304029304 6.112381479152932e-5
4481.0940170940175 5.977084252190678e-5
4485.094993894994 6.0391628685770406e-5
4489.095970695971 6.587124363032739e-5
4493.096947496948 5.683981590697507e-5
4497.097924297925 5.549987358295974e-5
4501.0989010989015 6.524496722992891e-5
4505.099877899878 6.595328038011157e-5
4509.100854700855 5.735522674816282e-5
4513.101831501832 6.19926248837057e-5
4517.102808302809 5.685552758805091e-5
4521.103785103785 6.619011479132777e-5
4525.104761904762 6.20622153713343e-5
4529.105738705739 5.5424694488556984e-5
4533.106715506716 6.427207954111521e-5
4537.107692307693 5.641762993402469e-5
4541.108669108669 6.56704895745294e-5
4545.109645909646 5.7418716776519545e-5
4549.110622710623 5.8021947575409955e-5
4553.1115995116 6.405343349345986e-5
4557.1125763125765 6.786506640592719e-5
4561.113553113553 5.693704222451461e-5
4565.11452991453 5.7706301363993784e-5
4569.115506715507 6.829405786769666e-5
4573.116483516484 6.074397261219535e-5
4577.11746031746 5.8412777318928756e-5
4581.118437118437 6.0759059403806586e-5
4585.119413919414 6.862736621971213e-5
4589.120390720391 6.979589674381395e-5
4593.121367521368 6.89555400451016e-5
4597.122344322344 3.404816224788578e-5
4601.123321123321 1.1807028153416837e-5
4605.124297924298 4.929230701554885e-5
4609.125274725275 5.002236825271256e-5
4613.1262515262515 1.3161518515846616e-5
4617.127228327228 3.917659308765003e-5
4621.128205128205 6.986754072993629e-5
4625.129181929182 9.511138496300457e-5
4629.130158730159 6.394726401534744e-5
4633.131135531135 5.596287679852482e-5
4637.132112332112 5.96703015704863e-5
4641.133089133089 6.833425648170858e-5
4645.134065934066 6.685183941035904e-5
4649.135042735043 5.572421918669405e-5
4653.136019536019 6.167920335058488e-5
4657.136996336996 6.173830455565339e-5
4661.137973137973 5.7998373285670985e-5
4665.13894993895 6.61367807715415e-5
4669.1399267399265 5.3006389177573835e-5
4673.140903540903 6.33030937573366e-5
4677.14188034188 6.845637847040933e-5
4681.142857142857 5.756084783185275e-5
4685.143833943834 6.074118722467521e-5
4689.1448107448105 6.594773003198642e-5
4693.145787545787 5.6492032741785154e-5
4697.146764346764 6.611319794184676e-5
4701.147741147741 6.298289920678596e-5
4705.148717948718 5.319995476945652e-5
4709.149694749694 6.99482898164623e-5
4713.150671550671 6.053603784050321e-5
4717.151648351648 5.723805865555197e-5
4721.152625152625 6.103351576151949e-5
4725.1536019536015 6.307486647660576e-5
4729.154578754578 5.9809862674000265e-5
4733.155555555555 6.352564500604175e-5
4737.156532356532 5.6420148352298204e-5
4741.15750915751 6.238194813085307e-5
4745.158485958486 6.785962853299879e-5
4749.159462759463 5.571683641395307e-5
4753.16043956044 5.826628011181085e-5
4757.161416361417 6.364183734525224e-5
4761.1623931623935 6.380432991217821e-5
4765.16336996337 5.5763211002725466e-5
4769.164346764347 5.7620569941545883e-5
4773.165323565324 6.767362778805895e-5
4777.166300366301 6.041362032874432e-5
4781.1672771672775 6.0609787748262564e-5
4785.168253968254 5.541553221925449e-5
4789.169230769231 6.893544927010883e-5
4793.170207570208 5.888134119104508e-5
4797.171184371185 5.864767112684689e-5
4801.172161172161 6.135106287153467e-5
4805.173137973138 6.211829719638616e-5
4809.174114774115 5.998740562306217e-5
4813.175091575092 6.426668452855557e-5
4817.1760683760685 5.305372189566791e-5
4821.177045177045 6.835535546884164e-5
4825.178021978022 5.88870094607361e-5
4829.178998778999 6.0265572571121876e-5
4833.179975579976 5.903210208328331e-5
4837.1809523809525 6.11661968841251e-5
4841.181929181929 6.278142851094553e-5
4845.182905982906 6.0956585770232345e-5
4849.183882783883 5.799998034312093e-5
4853.18485958486 6.399261197297085e-5
4857.185836385836 5.9917107094019744e-5
4861.186813186813 6.21176397475735e-5
4865.18778998779 5.7471781663011125e-5
4869.188766788767 6.413460911859577e-5
4873.189743589744 5.8915113488766264e-5
4877.19072039072 6.276607704757461e-5
4881.191697191697 5.854848118954959e-5
4885.192673992674 5.834801679233124e-5
4889.193650793651 6.908485108419576e-5
4893.1946275946275 5.597274362618735e-5
4897.195604395604 5.927437944705628e-5
4901.196581196581 6.324175815492476e-5
4905.197557997558 6.270499038835251e-5
4909.198534798535 5.983231174085231e-5
4913.199511599511 6.001395928896375e-5
4917.200488400488 6.118243280634613e-5
4921.201465201465 6.351884444154087e-5
4925.202442002442 5.700358273351053e-5
4929.203418803419 6.219293192309946e-5
4933.204395604395 6.389480888869577e-5
4937.205372405372 5.9384551154890505e-5
4941.206349206349 6.0527498342170046e-5
4945.207326007326 6.0532711693060695e-5
4949.2083028083025 5.779578079047085e-5
4953.209279609279 6.199840969709276e-5
4957.210256410256 6.559362938781565e-5
4961.211233211233 5.8791502079391436e-5
4965.21221001221 5.847526629302902e-5
4969.213186813186 6.490957515699382e-5
4973.214163614163 6.319397189736694e-5
4977.21514041514 5.709573264433582e-5
4981.216117216117 5.8264769851743846e-5
4985.217094017094 6.064229307679129e-5
4989.21807081807 6.658246446019977e-5
4993.219047619048 5.5664154211652116e-5
4997.220024420025 6.038134400318552e-5
5001.221001221002 6.073328795131895e-5
5005.221978021978 6.620171746220296e-5
5009.222954822955 5.76914054866355e-5
5013.223931623932 5.821218037972948e-5
5017.224908424909 6.704337622863801e-5
5021.225885225886 6.431439821718101e-5
5025.226862026862 4.9127117431779354e-5
5029.227838827839 6.425409309488634e-5
5033.228815628816 6.187119551140198e-5
5037.229792429793 5.974529624564765e-5
5041.2307692307695 5.651635847985439e-5
5045.231746031746 6.34891680322749e-5
5049.232722832723 6.290453720539748e-5
5053.2336996337 5.993502149202645e-5
5057.234676434677 5.8648548518072216e-5
5061.235653235653 6.148893074218352e-5
5065.23663003663 6.550736179274497e-5
5069.237606837607 5.632171021391806e-5
5073.238583638584 6.453725754787274e-5
5077.239560439561 6.038672797446724e-5
5081.240537240537 5.889681776570388e-5
5085.241514041514 6.165016940191697e-5
5089.242490842491 6.001610988398207e-5
5093.243467643468 6.084018502948802e-5
5097.2444444444445 6.044800827019986e-5
5101.245421245421 6.406291527733233e-5
5105.246398046398 5.8429814749831315e-5
5109.247374847375 6.249976730586308e-5
5113.248351648352 5.8416726189040275e-5
5117.2493284493285 6.538485979748888e-5
5121.250305250305 5.860481793862856e-5
5125.251282051282 6.165924824827442e-5
5129.252258852259 6.0781834624860435e-5
5133.253235653236 6.246074796831117e-5
5137.254212454212 5.8879107130143044e-5
5141.255189255189 5.712070316463622e-5
5145.256166056166 6.782877065870335e-5
5149.257142857143 5.9355376968934993e-5
5153.2581196581195 5.927814960400872e-5
5157.259096459096 5.8993334385723635e-5
5161.260073260073 6.60167219269249e-5
5165.26105006105 5.8755371405114016e-5
5169.262026862027 5.8849193827728775e-5
5173.2630036630035 6.395720434014539e-5
5177.26398046398 5.999349037691955e-5
5181.264957264957 6.414330456228906e-5
5185.265934065934 5.63251278582118e-5
5189.266910866911 6.639677623528822e-5
5193.267887667887 6.05958803168547e-5
5197.268864468864 6.392620080045497e-5
5201.269841269841 5.776780747729304e-5
5205.270818070818 6.071864012376294e-5
5209.271794871795 6.169186034163369e-5
5213.272771672771 5.998002576169847e-5
5217.273748473748 6.425989005676948e-5
5221.274725274725 5.731647840539384e-5
5225.275702075702 6.680848051590849e-5
5229.2766788766785 5.7401533627779525e-5
5233.277655677655 6.181754469745639e-5
5237.278632478632 6.229605248191385e-5
5241.279609279609 5.9200368213875815e-5
5245.280586080586 6.291660508483095e-5
5249.281562881562 6.11938761321479e-5
5253.28253968254 5.758865120563522e-5
5257.283516483517 6.555689351818976e-5
5261.284493284494 6.184876238008805e-5
5265.2854700854705 5.778332961936597e-5
5269.286446886447 6.297718533978798e-5
5273.287423687424 6.089035308449462e-5
5277.288400488401 6.388396113545008e-5
5281.289377289378 5.922045271338938e-5
5285.290354090354 5.8807595033388117e-5
5289.291330891331 6.552479206785968e-5
5293.292307692308 6.14835013708509e-5
5297.293284493285 5.5756844414221725e-5
5301.294261294262 6.0387996336310455e-5
5305.295238095238 6.612627032417603e-5
5309.296214896215 5.94214784316745e-5
5313.297191697192 5.960351447977404e-5
5317.298168498169 6.892318626321522e-5
5321.2991452991455 5.6777099801483906e-5
5325.300122100122 6.165407686271308e-5
5329.301098901099 6.0577599880946904e-5
5333.302075702076 6.319116756844332e-5
5337.303052503053 6.153736273635325e-5
5341.304029304029 5.612691370776063e-5
5345.305006105006 6.88809485404726e-5
5349.305982905983 5.696300192020841e-5
5353.30695970696 6.0301601006676166e-5
5357.307936507937 5.9964618530279116e-5
5361.308913308913 6.5318639004437e-5
5365.30989010989 6.069726296673194e-5
5369.310866910867 5.6703118282991104e-5
5373.311843711844 6.459503044091445e-5
5377.3128205128205 6.059155493494905e-5
5381.313797313797 5.796875394573486e-5
5385.314774114774 5.9020395191618654e-5
5389.315750915751 6.156604070671457e-5
5393.316727716728 5.9506407186608185e-5
5397.317704517704 6.390158628579892e-5
5401.318681318681 5.631492714980447e-5
5405.319658119658 6.294231872174418e-5
5409.320634920635 6.199837563961486e-5
5413.321611721612 6.0698192118798464e-5
5417.322588522588 5.8379152609743566e-5
5421.323565323565 6.489861072975922e-5
5425.324542124542 5.9187227429929735e-5
5429.325518925519 6.183012322435805e-5
5433.3264957264955 6.181838285123837e-5
5437.327472527472 5.772196492222285e-5
5441.328449328449 6.920519682044228e-5
5445.329426129426 5.510258447705728e-5
5449.330402930403 5.996978174961362e-5
5453.3313797313795 6.359876296050526e-5
5457.332356532356 6.0217320718597814e-5
5461.333333333333 5.77890402424304e-5
5465.33431013431 6.0513061638239754e-5
5469.335286935287 6.42306642205612e-5
5473.336263736263 6.005404236116513e-5
5477.33724053724 5.9791802975225086e-5
5481.338217338217 6.115813982349866e-5
5485.339194139194 5.7544346567657496e-5
5489.3401709401705 5.7251721144273784e-5
5493.341147741147 6.052646702331127e-5
5497.342124542124 6.215406112904212e-5
5501.343101343101 6.550074729172403e-5
5505.344078144079 5.572166993841604e-5
5509.345054945055 4.566207201519261e-5
5513.346031746032 6.970177866325523e-5
5517.347008547009 5.9193122606604794e-5
5521.347985347986 5.106675184205921e-5
5525.3489621489625 6.024398068748711e-5
5529.349938949939 6.182278323525217e-5
5533.350915750916 6.38576859517344e-5
5537.351892551893 5.825427945696647e-5
5541.35286935287 5.8933261207322536e-5
5545.3538461538465 5.779197198144933e-5
5549.354822954823 5.961671199878099e-5
5553.3557997558 7.146414453711595e-5
5557.356776556777 6.455613074650589e-5
5561.357753357754 5.706691954021334e-5
5565.35873015873 6.035365121338794e-5
5569.359706959707 5.826983715000508e-5
5573.360683760684 6.360324682161823e-5
5577.361660561661 6.198193273947942e-5
5581.3626373626375 5.256449403403679e-5
5585.363614163614 6.59964809017551e-5
5589.364590964591 6.006623612756457e-5
5593.365567765568 6.453417088597038e-5
5597.366544566545 5.4955994295395744e-5
5601.3675213675215 6.781256757484253e-5
5605.368498168498 5.9115639158709295e-5
5609.369474969475 5.700979932764745e-5
5613.370451770452 6.330203979109861e-5
5617.371428571429 6.222129953539689e-5
5621.372405372405 5.945542284150986e-5
5625.373382173382 6.096533447845208e-5
5629.374358974359 6.335656504914358e-5
5633.375335775336 5.5604481343615694e-5
5637.376312576313 6.608930291333615e-5
5641.377289377289 6.137323113112335e-5
5645.378266178266 5.940460872235162e-5
5649.379242979243 6.14096442049922e-5
5653.38021978022 6.534810713700806e-5
5657.3811965811965 5.925901808871355e-5
5661.382173382173 5.7697547131111874e-5
5665.38315018315 6.503297602170986e-5
5669.384126984127 6.377605312966888e-5
5673.385103785104 5.5228770663072414e-5
5677.38608058608 6.237100888234728e-5
5681.387057387057 6.359356856551147e-5
5685.388034188034 6.075290694818245e-5
5689.389010989011 5.887276677044025e-5
5693.389987789988 6.38221974235992e-5
5697.390964590964 5.922819243679295e-5
5701.391941391941 6.17379164875463e-5
5705.392918192918 6.0122564948161404e-5
5709.393894993895 6.132402768733295e-5
5713.3948717948715 6.204210770125021e-5
5717.395848595848 5.925318806104689e-5
5721.396825396825 6.317813665930659e-5
5725.397802197802 5.793972579503037e-5
5729.398778998779 6.407867654794772e-5
5733.399755799755 6.226107450518163e-5
5737.400732600732 5.757864330667251e-5
5741.401709401709 6.287140308069479e-5
5745.402686202686 6.226347924290839e-5
5749.403663003663 5.487459383279624e-5
5753.404639804639 6.486982706398034e-5
5757.405616605616 5.9731029885290356e-5
5761.406593406593 5.97674864325996e-5
5765.407570207571 6.42776482129202e-5
5769.408547008547 6.446377450144942e-5
5773.409523809524 5.596223211851892e-5
5777.410500610501 6.273264993859235e-5
5781.411477411478 6.428098089664261e-5
5785.412454212455 5.958542332623192e-5
5789.413431013431 6.335084332610293e-5
5793.414407814408 5.8936476403748e-5
5797.415384615385 6.315481000385687e-5
5801.416361416362 6.07306801415634e-5
5805.4173382173385 6.029747459147035e-5
5809.418315018315 6.296094362610516e-5
5813.419291819292 6.06029887244201e-5
5817.420268620269 5.838565102093543e-5
5821.421245421246 6.518264387601838e-5
5825.422222222222 6.059364974988803e-5
5829.423199023199 5.827199261666522e-5
5833.424175824176 6.017956115619906e-5
5837.425152625153 6.472491355783393e-5
5841.42612942613 5.9929727985422895e-5
5845.427106227106 6.0653100749607316e-5
5849.428083028083 6.121236528245749e-5
5853.42905982906 5.869498469234491e-5
5857.430036630037 6.052634445924156e-5
5861.4310134310135 6.290485535833109e-5
5865.43199023199 5.971220117685911e-5
5869.432967032967 5.933828600771001e-5
5873.433943833944 6.361132056310206e-5
5877.434920634921 6.016014990478002e-5
5881.4358974358975 5.9655494868897024e-5
5885.436874236874 6.1955175379006e-5
5889.437851037851 6.219254674278375e-5
5893.438827838828 5.581790179617551e-5
5897.439804639805 6.575599058126283e-5
5901.440781440781 5.6073951488836244e-5
5905.441758241758 6.325288450602221e-5
5909.442735042735 6.1012251290295895e-5
5913.443711843712 6.234167487614515e-5
5917.4446886446885 5.708342421928654e-5
5921.445665445665 6.214931465015271e-5
5925.446642246642 6.0755989176847024e-5
5929.447619047619 6.288751739798487e-5
5933.448595848596 5.6970586707423786e-5
5937.4495726495725 5.9599665133746335e-5
5941.450549450549 6.221364900055865e-5
5945.451526251526 6.403648493612107e-5
5949.452503052503 5.693323271414451e-5
5953.45347985348 6.308275296247052e-5
5957.454456654456 6.019450692348866e-5
5961.455433455433 5.943820551153588e-5
5965.45641025641 6.308249101840614e-5
5969.457387057387 5.7723870142420095e-5
5973.458363858364 6.265328357692056e-5
5977.45934065934 6.180525055653084e-5
5981.460317460317 5.839028399992373e-5
5985.461294261294 6.0385254633992926e-5
5989.462271062271 6.785450745807906e-5
5993.4632478632475 5.490248936927341e-5
5997.464224664224 6.384522061091908e-5
6001.465201465201 6.333913277280754e-5
6005.466178266178 5.821981193263169e-5
6009.467155067155 6.293557660663723e-5
6013.468131868131 5.755894501228066e-5
6017.469108669109 6.0340556036321467e-5
6021.470085470086 6.14024316877749e-5
6025.471062271063 6.22175073597937e-5
6029.4720390720395 5.926586868584358e-5
6033.473015873016 5.401454792093519e-5
6037.473992673993 6.89303403565456e-5
6041.47496947497 5.9909659961214975e-5
6045.475946275947 5.683478175394248e-5
6049.476923076923 6.349019997650107e-5
6053.4778998779 6.146126200258566e-5
6057.478876678877 5.772691269781282e-5
6061.479853479854 6.073707917356829e-5
6065.480830280831 6.349354333974926e-5
6069.481807081807 5.932063452778218e-5
6073.482783882784 5.980200425280788e-5
6077.483760683761 6.37584600858761e-5
6081.484737484738 6.092595901301164e-5
6085.4857142857145 6.147177271264872e-5
6089.486691086691 6.296757582255835e-5
6093.487667887668 6.283406106700002e-5
6097.488644688645 5.4889035247701394e-5
6101.489621489622 6.394509973832487e-5
6105.490598290598 6.03600843593627e-5
6109.491575091575 6.242157332027041e-5
6113.492551892552 5.961575088102888e-5
6117.493528693529 6.182877046732226e-5
6121.494505494506 6.363694326508925e-5
6125.495482295482 5.873297164482833e-5
6129.496459096459 6.163588793897505e-5
6133.497435897436 6.221268651216753e-5
6137.498412698413 6.160859540003275e-5
6141.4993894993895 5.87372124993276e-5
6145.500366300366 6.322351043469516e-5
6149.501343101343 5.992435907158905e-5
6153.50231990232 6.050889470654763e-5
6157.503296703297 6.287033965740355e-5
6161.504273504273 6.112612441703524e-5
6165.50525030525 5.978106376789682e-5
6169.506227106227 6.056026177282095e-5
6173.507203907204 6.276375610417896e-5
6177.508180708181 5.7539083421611665e-5
6181.509157509157 6.552596703681784e-5
6185.510134310134 5.8817791086901454e-5
6189.511111111111 5.895620629800752e-5
6193.512087912088 6.401708637257671e-5
6197.5130647130645 5.9631563236084046e-5
6201.514041514041 5.938083003634151e-5
6205.515018315018 6.314557909583299e-5
6209.515995115995 5.8662964612791026e-5
6213.516971916972 6.371157863693206e-5
6217.5179487179485 6.052919465816672e-5
6221.518925518925 5.92903223819125e-5
6225.519902319902 5.945044449105645e-5
6229.520879120879 6.612548879606945e-5
6233.521855921856 5.736930479706528e-5
6237.522832722832 6.020049887984314e-5
6241.523809523809 6.463472185717857e-5
6245.524786324786 6.254513022121291e-5
6249.525763125763 6.0423583182302445e-5
6253.5267399267395 5.86094858905268e-5
6257.527716727716 6.586574734291704e-5
6261.528693528693 5.597142660073862e-5
6265.52967032967 6.316099335952025e-5
6269.530647130647 6.0420496685492927e-5
6273.5316239316235 6.407308361842414e-5
6277.532600732601 5.519589456927734e-5
6281.533577533578 6.421345927123137e-5
6285.534554334555 5.7188477420990784e-5
6289.5355311355315 6.236832575549648e-5
6293.536507936508 6.176241843387634e-5
6297.537484737485 5.698995491736625e-5
6301.538461538462 6.534340983180968e-5
6305.539438339439 5.836470746895928e-5
6309.5404151404155 6.084331954964189e-5
6313.541391941392 6.076227942254926e-5
6317.542368742369 6.35086361747968e-5
6321.543345543346 5.9330166631838525e-5
6325.544322344323 6.213690253184714e-5
6329.545299145299 6.39248015557549e-5
6333.546275946276 5.419390235407614e-5
6337.547252747253 6.483895713719038e-5
6341.54822954823 6.169134925534817e-5
6345.5492063492065 5.951399407107082e-5
6349.550183150183 6.106846484073766e-5
6353.55115995116 6.168670253886318e-5
6357.552136752137 6.1024032076925775e-5
6361.553113553114 6.0495634236047974e-5
6365.5540903540905 5.9913782680466954e-5
6369.555067155067 5.929179230142348e-5
6373.556043956044 6.16522168530294e-5
6377.557020757021 6.0103802013713664e-5
6381.557997557998 6.558737101461671e-5
6385.558974358974 5.7175103176469654e-5
6389.559951159951 6.236247241954177e-5
6393.560927960928 6.367315825916138e-5
6397.561904761905 5.8605411347423773e-5
6401.562881562882 5.841568150915929e-5
6405.563858363858 6.402942936602339e-5
6409.564835164835 6.169165858040042e-5
6413.565811965812 5.8335623518859384e-5
6417.566788766789 6.145058217433716e-5
6421.5677655677655 6.155347220997994e-5
6425.568742368742 6.459729758546581e-5
6429.569719169719 5.7878557611842636e-5
6433.570695970696 5.9491147463639624e-5
6437.571672771673 6.26074352859667e-5
6441.572649572649 6.149923879522711e-5
6445.573626373626 5.5495300306658145e-5
6449.574603174603 6.501191106950481e-5
6453.57557997558 6.5168391607132e-5
6457.576556776557 5.4506217945035665e-5
6461.577533577533 6.453543942959615e-5
6465.57851037851 5.711151611177364e-5
6469.579487179487 6.44489114119831e-5
6473.580463980464 5.705872600186914e-5
6477.5814407814405 6.255595141377675e-5
6481.582417582417 6.324179394851622e-5
6485.583394383394 5.738342725002564e-5
6489.584371184371 5.6007664066747474e-5
6493.585347985348 6.46924813925851e-5
6497.586324786324 5.8002079588593716e-5
6501.587301587301 6.194569577639436e-5
6505.588278388278 6.35067153956731e-5
6509.589255189255 5.73153802546752e-5
6513.590231990232 6.230720177291966e-5
6517.591208791208 6.489517324947291e-5
6521.592185592185 5.6842321818935645e-5
6525.593162393162 5.873915580663721e-5
6529.59413919414 6.72195843885247e-5
6533.595115995116 5.956473077829732e-5
6537.596092796093 5.549705574311072e-5
6541.59706959707 7.243449864238698e-5
6545.598046398047 5.498997655777006e-5
6549.599023199024 6.064647631307481e-5
6553.6 6.594504787506079e-5
6557.600976800977 5.541041338311141e-5
6561.601953601954 6.545894903705127e-5
6565.602930402931 6.300641191882812e-5
6569.6039072039075 6.170958776477073e-5
6573.604884004884 6.353214322615834e-5
6577.605860805861 6.20099386995809e-5
6581.606837606838 6.299825032892474e-5
6585.607814407815 6.459153562199654e-5
6589.608791208791 6.256025093442912e-5
6593.609768009768 5.757733392365288e-5
6597.610744810745 5.601080165746906e-5
6601.611721611722 6.557789807249223e-5
6605.612698412699 6.339980686200755e-5
6609.613675213675 5.558309115649783e-5
6613.614652014652 6.212912794382378e-5
6617.615628815629 6.294754954215845e-5
6621.616605616606 6.439772293493812e-5
6625.6175824175825 6.343500431359118e-5
6629.618559218559 5.7050861540523036e-5
6633.619536019536 6.188239207646853e-5
6637.620512820513 6.39078605537742e-5
6641.62148962149 5.84840062209883e-5
6645.6224664224665 6.0335273947647225e-5
6649.623443223443 6.192563455217947e-5
6653.62442002442 6.151668760955779e-5
6657.625396825397 6.235636807963734e-5
6661.626373626374 5.743489695148576e-5
6665.62735042735 6.444822970778192e-5
6669.628327228327 6.288049124498362e-5
6673.629304029304 5.74535444255018e-5
6677.630280830281 5.905242315210911e-5
6681.6312576312575 6.520654808869961e-5
6685.632234432234 5.7661802901257445e-5
6689.633211233211 5.4827128363937205e-5
6693.634188034188 6.0860669976957054e-5
6697.635164835165 7.113292935175854e-5
6701.6361416361415 5.293060536057736e-5
6705.637118437118 5.948385857934377e-5
6709.638095238095 6.58662350701897e-5
6713.639072039072 5.8115797478901046e-5
6717.640048840049 6.359509515283288e-5
6721.641025641025 6.201825927501346e-5
6725.642002442002 5.7909040034122844e-5
6729.642979242979 6.23990925805451e-5
6733.643956043956 5.925277666849191e-5
6737.644932844933 6.201211300245534e-5
6741.645909645909 6.708866285865629e-5
6745.646886446886 5.3891993092285425e-5
6749.647863247863 6.62222942541163e-5
6753.64884004884 6.323508101228415e-5
6757.6498168498165 5.4921735181626993e-5
6761.650793650793 5.7652273580503476e-5
6765.65177045177 6.835877069875134e-5
6769.652747252747 5.756105564905562e-5
6773.653724053724 3.735607458677631e-5
6777.6547008547 5.038194228743653e-5
6781.655677655677 4.3647972702293065e-5
6785.656654456654 4.397988892338019e-5
6789.657631257632 5.832327381110651e-5
6793.6586080586085 6.90111994705909e-5
6797.659584859585 5.427686322581431e-5
6801.660561660562 6.068308368048721e-5
6805.661538461539 6.35281167903803e-5
6809.662515262516 6.133638526354067e-5
6813.663492063492 5.708974494053425e-5
6817.664468864469 6.220488560261367e-5
6821.665445665446 6.54526747764462e-5
6825.666422466423 5.9337756239141625e-5
6829.6673992674 5.521334615462268e-5
6833.668376068376 7.06744108801284e-5
6837.669352869353 6.107618321233775e-5
6841.67032967033 5.7997315227357306e-5
6845.671306471307 6.302636349627745e-5
6849.6722832722835 5.7691799759467595e-5
6853.67326007326 6.353413038834462e-5
6857.674236874237 6.003911512133844e-5
6861.675213675214 5.784733528685861e-5
6865.676190476191 6.17821781184258e-5
6869.677167277167 6.776178007840068e-5
6873.678144078144 5.3864527191607045e-5
6877.679120879121 5.9679394926393504e-5
6881.680097680098 6.912705077817716e-5
6885.681074481075 5.84149734191553e-5
6889.682051282051 5.519429667710717e-5
6893.683028083028 5.986189507250614e-5
6897.684004884005 6.926323246241672e-5
6901.684981684982 5.267489077120465e-5
6905.6859584859585 5.719987540681691e-5
6909.686935286935 6.533620176663088e-5
6913.687912087912 6.374564720742725e-5
6917.688888888889 5.785090886978036e-5
6921.689865689866 6.449878555819004e-5
6925.690842490842 6.103806317964792e-5
6929.691819291819 6.366666728072525e-5
6933.692796092796 5.988943173555877e-5
6937.693772893773 5.828889684041037e-5
6941.69474969475 6.22725193230586e-5
6945.695726495726 6.889190102286233e-5
6949.696703296703 5.546074421279686e-5
6953.69768009768 6.0431251553283417e-5
6957.698656898657 6.775750904487664e-5
6961.6996336996335 5.355761818831628e-5
6965.70061050061 6.369248507749678e-5
6969.701587301587 5.888008995305862e-5
6973.702564102564 6.569442484403098e-5
6977.703540903541 5.4507850391967414e-5
6981.7045177045175 6.0623563053834506e-5
6985.705494505494 6.359098810174397e-5
6989.706471306471 6.478155122700418e-5
6993.707448107448 6.022842086229824e-5
6997.708424908425 5.68454785102507e-5
7001.709401709401 6.002896796162005e-5
7005.710378510378 6.423235258364082e-5
7009.711355311355 6.0272457754249e-5
7013.712332112332 6.23216182188715e-5
7017.7133089133085 6.362114278305516e-5
7021.714285714285 5.0443911718750705e-5
7025.715262515262 6.791726164165002e-5
7029.716239316239 5.8124749291231886e-5
7033.717216117216 6.283587482304901e-5
7037.7181929181925 5.565934120420988e-5
7041.71916971917 6.673267405834003e-5
7045.720146520147 6.108082838571547e-5
7049.721123321124 5.407966702244198e-5
7053.7221001221005 6.57431593493752e-5
7057.723076923077 6.22077779671499e-5
7061.724053724054 5.870591679904144e-5
7065.725030525031 5.932299346970128e-5
7069.726007326008 6.342549476272703e-5
7073.7269841269845 6.0867696717918315e-5
7077.727960927961 6.1806243881411e-5
7081.728937728938 6.166144853569016e-5
7085.729914529915 5.927613857950681e-5
7089.730891330892 6.273564960710082e-5
7093.731868131868 6.216517101222433e-5
7097.732844932845 5.626573032184087e-5
7101.733821733822 6.431117477176482e-5
7105.734798534799 6.211765911207757e-5
7109.7357753357755 5.763745446218837e-5
7113.736752136752 6.49342317028162e-5
7117.737728937729 5.713597171614875e-5
7121.738705738706 6.029964299568694e-5
7125.739682539683 6.484209689100073e-5
7129.7406593406595 5.688253125152483e-5
7133.741636141636 6.823539335599554e-5
7137.742612942613 5.3369846530973544e-5
7141.74358974359 6.559419994303614e-5
7145.744566544567 5.902065908598849e-5
7149.745543345543 5.950972382616968e-5
7153.74652014652 6.202722705684637e-5
7157.747496947497 6.029323375777247e-5
7161.748473748474 6.532911728795405e-5
7165.749450549451 5.4069795850810025e-5
7169.750427350427 6.305669893127272e-5
7173.751404151404 6.469551724129601e-5
7177.752380952381 5.738627724121548e-5
7181.753357753358 6.157939071676756e-5
7185.7543345543345 5.956501832935319e-5
7189.755311355311 6.61607688959453e-5
7193.756288156288 5.403826918603086e-5
7197.757264957265 6.156719927509385e-5
7201.758241758242 6.444890052186665e-5
7205.759218559218 5.960333272888529e-5
7209.760195360195 6.168697493817393e-5
7213.761172161172 5.793852170984244e-5
7217.762148962149 6.507651892522352e-5
7221.763125763126 6.138660251275721e-5
7225.764102564102 5.369088241643808e-5
7229.765079365079 6.460159618723933e-5
7233.766056166056 6.348186311088091e-5
7237.767032967033 5.982218270193855e-5
7241.7680097680095 6.318106713678519e-5
7245.768986568986 5.8914426521704266e-5
7249.769963369963 5.903866773601364e-5
7253.77094017094 6.328033666915405e-5
7257.771916971917 6.250156943234941e-5
7261.772893772893 5.416276240255107e-5
7265.77387057387 6.508534577853665e-5
7269.774847374847 6.413498127441647e-5
7273.775824175824 5.342335858788502e-5
7277.776800976801 6.421334033567403e-5
7281.777777777777 6.234936282044785e-5
7285.778754578754 5.7082352077942084e-5
7289.779731379731 6.442501173659699e-5
7293.780708180708 5.918239685171689e-5
7297.7816849816845 6.403514108642909e-5
7301.782661782662 5.929746065095883e-5
7305.783638583639 6.038427848651996e-5
7309.784615384616 6.220884412924663e-5
7313.785592185593 5.934028215880233e-5
7317.786568986569 6.117307271723663e-5
7321.787545787546 6.207264880859329e-5
7325.788522588523 5.92118084769762e-5
7329.7894993895 6.413554123633455e-5
7333.7904761904765 5.719454636762764e-5
7337.791452991453 6.465912190790221e-5
7341.79242979243 6.106785321539958e-5
7345.793406593407 5.9170885229428556e-5
7349.794383394384 6.348694669879916e-5
7353.79536019536 5.8672968978688326e-5
7357.796336996337 6.464312038614268e-5
7361.797313797314 5.834585795925315e-5
7365.798290598291 6.30428350376564e-5
7369.799267399268 5.941400801870873e-5
7373.800244200244 6.442680110625259e-5
7377.801221001221 5.7300264250049444e-5
7381.802197802198 6.140903540873875e-5
7385.803174603175 6.0951401440781556e-5
7389.8041514041515 5.944045830166551e-5
7393.805128205128 6.402944334324713e-5
7397.806105006105 6.156704352785461e-5
7401.807081807082 5.844132189828665e-5
7405.808058608059 5.951079175694735e-5
7409.8090354090355 6.62316109957505e-5
7413.810012210012 6.179801153923488e-5
7417.810989010989 5.349990275509287e-5
7421.811965811966 6.730637557302298e-5
7425.812942612943 6.0536628314352794e-5
7429.813919413919 5.929584887707021e-5
7433.814896214896 5.991654888087241e-5
7437.815873015873 6.351933246559435e-5
7441.81684981685 6.238663205927137e-5
7445.8178266178265 5.749436351467232e-5
7449.818803418803 6.299764576429484e-5
7453.81978021978 6.311287332682392e-5
7457.820757020757 5.64331803996536e-5
7461.821733821734 6.398963260480144e-5
7465.8227106227105 6.312971238377275e-5
7469.823687423687 6.108423904171001e-5
7473.824664224664 5.61791896317213e-5
7477.825641025641 6.407558943583114e-5
7481.826617826618 6.268106003357537e-5
7485.827594627594 5.521923793646085e-5
7489.828571428571 6.0388783148622265e-5
7493.829548229548 6.280026448522241e-5
7497.830525030525 6.228997441302339e-5
7501.831501831502 5.739028272166958e-5
7505.832478632478 6.130142034564843e-5
7509.833455433455 5.877060078238569e-5
7513.834432234432 5.855667068029114e-5
7517.835409035409 6.619716020981894e-5
7521.8363858363855 5.9457205069815773e-5
7525.837362637362 5.9318054400050156e-5
7529.838339438339 6.69242526634039e-5
7533.839316239316 5.503473437639066e-5
7537.840293040293 6.053251679165222e-5
7541.841269841269 6.099018366888313e-5
7545.842246642246 6.5692617979005e-5
7549.843223443223 5.851514916354466e-5
7553.844200244201 6.40742063589018e-5
7557.8451770451775 5.971281996810518e-5
7561.846153846154 6.478445993292686e-5
7565.847130647131 6.0819502281433325e-5
7569.848107448108 6.274968555765348e-5
7573.849084249085 6.515539965713109e-5
7577.850061050061 6.270203618362378e-5
7581.851037851038 5.4718747757480745e-5
7585.852014652015 6.522840263500205e-5
7589.852991452992 6.282373892120801e-5
7593.853968253969 5.7654903129427065e-5
7597.854945054945 6.10621935089691e-5
7601.855921855922 5.946120559134567e-5
7605.856898656899 6.72404333122346e-5
7609.857875457876 5.6621408204860226e-5
7613.8588522588525 5.687179748372427e-5
7617.859829059829 7.222919685490937e-5
7621.860805860806 5.274501465515327e-5
7625.861782661783 5.851899225318481e-5
7629.86275946276 6.167792761350967e-5
7633.863736263736 6.480812879313416e-5
7637.864713064713 6.0427882137678804e-5
7641.86568986569 6.235857536092641e-5
7645.866666666667 5.950290459017471e-5
7649.867643467644 6.583618405190628e-5
7653.86862026862 5.591034655559558e-5
7657.869597069597 6.406932775038113e-5
7661.870573870574 5.9245574450585413e-5
7665.871550671551 6.0788868927016075e-5
7669.8725274725275 6.123953238339953e-5
7673.873504273504 5.8312267012745756e-5
7677.874481074481 6.195986840067497e-5
7681.875457875458 6.117130341014132e-5
7685.876434676435 6.541013421732038e-5
7689.877411477411 6.01421852392176e-5
7693.878388278388 5.982415858122758e-5
7697.879365079365 6.392042282458292e-5
7701.880341880342 6.127296916750587e-5
7705.881318681319 6.023253093161463e-5
7709.882295482295 6.075813017371453e-5
7713.883272283272 6.572612325430496e-5
7717.884249084249 5.742598779331806e-5
7721.885225885226 6.270377615820718e-5
7725.8862026862025 6.224928677152927e-5
7729.887179487179 6.051843279798211e-5
7733.888156288156 5.5447097809354325e-5
7737.889133089133 6.631637342016403e-5
7741.89010989011 5.8354503448745574e-5
7745.8910866910865 6.4384232197746e-5
7749.892063492063 5.5955543401562e-5
7753.89304029304 6.46582839401602e-5
7757.894017094017 5.948926418447853e-5
7761.894993894994 5.954829020327856e-5
7765.89597069597 6.448428470019997e-5
7769.896947496947 5.588500135724886e-5
7773.897924297924 6.013445080551677e-5
7777.898901098901 6.267856830568506e-5
7781.8998778998775 6.441775613509601e-5
7785.900854700854 5.496922354207997e-5
7789.901831501831 6.0347907565425126e-5
7793.902808302808 6.564139565372436e-5
7797.903785103785 6.160384116039238e-5
7801.9047619047615 5.559708344458569e-5
7805.905738705738 6.687805733076904e-5
7809.906715506715 6.045007699503737e-5
7813.907692307693 5.853878172610217e-5
7817.9086691086695 6.46526854518399e-5
7821.909645909646 6.0928240531694995e-5
7825.910622710623 5.945246762941871e-5
7829.9115995116 5.87816824897877e-5
7833.912576312577 6.372386138032541e-5
7837.9135531135535 5.873670748204074e-5
7841.91452991453 6.025870230400353e-5
7845.915506715507 6.501730965103531e-5
7849.916483516484 5.6649574930407216e-5
7853.917460317461 6.558222505394363e-5
7857.918437118437 5.605151047205697e-5
7861.919413919414 6.280456256507404e-5
7865.920390720391 5.8624903399901314e-5
7869.921367521368 6.3143465219889e-5
7873.9223443223445 5.9429318142381325e-5
7877.923321123321 6.0824484839383206e-5
7881.924297924298 6.603136581414957e-5
7885.925274725275 6.036285379642786e-5
7889.926251526252 5.787175152904813e-5
7893.9272283272285 6.266437130776118e-5
7897.928205128205 6.094828891055402e-5
7901.929181929182 5.762124532770206e-5
7905.930158730159 6.479184597225064e-5
7909.931135531136 5.9774206604689195e-5
7913.932112332112 6.147397952054799e-5
7917.933089133089 6.0484490233563636e-5
7921.934065934066 6.219701740984337e-5
7925.935042735043 6.047514348022696e-5
7929.93601953602 6.012037486236599e-5
7933.936996336996 6.326893835193723e-5
7937.937973137973 6.131155526849965e-5
7941.93894993895 5.927278058659387e-5
7945.939926739927 6.277914275680298e-5
7949.9409035409035 5.864814389565471e-5
7953.94188034188 6.116707775018177e-5
7957.942857142857 5.897646884678413e-5
7961.943833943834 6.136767099488088e-5
7965.944810744811 6.373804871436462e-5
7969.945787545787 5.661758895552495e-5
7973.946764346764 6.331519307137314e-5
7977.947741147741 6.015016996642979e-5
7981.948717948718 5.924646607171256e-5
7985.949694749695 6.113688915923497e-5
7989.950671550671 5.78390855225717e-5
7993.951648351648 6.442990352610227e-5
7997.952625152625 6.434069362242843e-5
8001.953601953602 5.424764417170686e-5
8005.9545787545785 6.410617926863955e-5
8009.955555555555 6.531001836031374e-5
8013.956532356532 5.919437915122564e-5
8017.957509157509 5.8797388998968806e-5
8021.958485958486 6.006240330874177e-5
8025.959462759462 6.694710679252316e-5
8029.960439560439 6.0042458482013814e-5
8033.961416361416 5.8972091587976465e-5
8037.962393162393 6.490203994455733e-5
8041.96336996337 5.883548497064532e-5
8045.964346764346 6.643557232765521e-5
8049.965323565323 5.832837215757379e-5
8053.9663003663 6.216389268644457e-5
8057.967277167277 6.0987070260490484e-5
8061.9682539682535 6.234729703066632e-5
8065.969230769231 5.8471303691024046e-5
8069.970207570208 6.181014067109931e-5
8073.971184371185 6.560972928088948e-5
8077.972161172162 5.920021412870762e-5
8081.973137973138 5.6627158369472306e-5
8085.974114774115 6.412006926816708e-5
8089.975091575092 6.271035221871001e-5
8093.976068376069 5.8205170631219206e-5
8097.9770451770455 6.179293407632846e-5
8101.978021978022 6.174553057330159e-5
8105.978998778999 6.331264185560056e-5
8109.979975579976 6.044923869678435e-5
8113.980952380953 5.915531623514762e-5
8117.981929181929 5.938899519985198e-5
8121.982905982906 6.482917264729568e-5
8125.983882783883 5.785300009072806e-5
8129.98485958486 6.080422269051877e-5
8133.985836385837 6.010689183653276e-5
8137.986813186813 6.214394586842385e-5
8141.98778998779 6.578942872203922e-5
8145.988766788767 5.2697496887572104e-5
8149.989743589744 6.56226144111421e-5
8153.9907203907205 6.017220165806459e-5
8157.991697191697 6.494048750725372e-5
8161.992673992674 5.609475162683452e-5
8165.993650793651 6.0384905125027984e-5
8169.994627594628 6.2030091414886e-5
8173.9956043956045 6.116278988035965e-5
8177.996581196581 5.866064340318839e-5
8181.997557997558 5.828855094896622e-5
8185.998534798535 6.074584112994121e-5
8189.999511599512 6.627654301877043e-5
