961.832519531250000
961.372741699218750
961.404479980468750
963.105957031250000
963.649658203125000
963.898559570312500
962.003234863281250
961.838684082031250
962.383789062500000
962.311950683593750
963.141845703125000
963.852905273437500
964.002136230468750
964.370666503906250
963.570068359375000
964.042114257812500
964.322570800781250
964.946044921875000
965.288085937500000
964.890014648437500
964.578430175781250
964.786254882812500
964.877258300781250
965.498657226562500
965.491027832031250
964.886535644531250
965.731140136718750
964.961486816406250
964.897155761718750
964.877990722656250
964.967224121093750
965.141845703125000
964.692260742187500
965.246582031250000
965.131713867187500
964.591308593750000
964.740417480468750
964.292480468750000
964.975402832031250
965.580932617187500
964.532531738281250
964.161682128906250
964.123291015625000
964.378417968750000
964.115356445312500
964.650024414062500
964.572753906250000
964.107543945312500
964.390197753906250
963.730651855468750
963.130187988281250
964.425598144531250
964.104980468750000
964.090332031250000
963.400268554687500
963.707214355468750
964.104492187500000
963.527832031250000
962.960693359375000
963.781250000000000
963.258728027343750
963.019531250000000
962.772094726562500
962.299499511718750
963.243591308593750
963.624267578125000
963.180664062500000
962.465026855468750
962.194885253906250
962.383056640625000
962.611938476562500
963.008911132812500
962.353271484375000
962.580810546875000
962.861389160156250
962.944763183593750
963.148986816406250
963.491699218750000
962.908630371093750
962.947692871093750
963.530578613281250
964.237792968750000
964.145141601562500
963.983093261718750
963.956665039062500
964.002868652343750
963.518554687500000
964.377685546875000
964.560058593750000
964.430419921875000
965.185852050781250
964.330017089843750
964.714172363281250
965.252807617187500
965.747070312500000
966.271850585937500
965.151184082031250
965.079895019531250
965.854003906250000
966.066833496093750
965.858886718750000
966.013488769531250
965.531066894531250
966.168579101562500
966.823974609375000
965.674438476562500
965.689575195312500
965.519042968750000
965.089660644531250
965.203002929687500
965.551452636718750
965.304504394531250
965.001831054687500
965.269287109375000
964.992431640625000
964.860229492187500
964.718383789062500
964.395263671875000
965.016174316406250
966.264404296875000
965.233642578125000
964.964233398437500
964.745849609375000
965.022338867187500
966.375732421875000
966.894226074218750
966.826293945312500
966.287170410156250
966.220581054687500
966.175903320312500
966.144165039062500
967.382812500000000
967.441101074218750
966.916076660156250
966.326416015625000
966.952331542968750
967.396179199218750
967.406982421875000
966.528381347656250
966.739562988281250
967.254333496093750
967.312438964843750
967.210449218750000
966.974975585937500
967.273925781250000
968.221618652343750
967.882019042968750
966.086425781250000
967.289916992187500
966.325805664062500
966.332397460937500
964.565734863281250
965.092285156250000
965.931701660156250
966.265380859375000
965.400939941406250
964.356140136718750
964.869750976562500
963.919189453125000
963.692321777343750
963.043762207031250
963.670715332031250
963.565429687500000
962.892272949218750
962.787841796875000
962.963989257812500
961.955505371093750
961.760498046875000
962.196228027343750
962.379089355468750
962.624328613281250
962.657714843750000
960.618652343750000
961.444702148437500
962.100280761718750
962.551269531250000
962.900512695312500
962.615356445312500
962.375427246093750
963.154113769531250
962.558349609375000
962.564819335937500
963.763610839843750
963.888305664062500
964.240173339843750
964.792907714843750
965.078613281250000
965.113281250000000
964.836303710937500
965.098327636718750
965.638793945312500
965.664367675781250
966.614746093750000
966.521118164062500
966.541748046875000
965.802673339843750
965.825134277343750
966.601562500000000
966.499450683593750
966.482849121093750
966.746459960937500
967.002624511718750
966.618530273437500
966.240783691406250
966.771667480468750
968.021972656250000
968.028259277343750
968.154541015625000
967.723388671875000
967.289794921875000
967.149230957031250
966.794494628906250
967.239562988281250
967.093017578125000
966.801757812500000
966.787841796875000
966.776000976562500
966.927612304687500
966.267089843750000
965.511840820312500
965.662597656250000
966.105957031250000
966.629699707031250
965.489562988281250
965.390869140625000
965.175598144531250
965.184387207031250
965.536315917968750
965.723083496093750
965.558227539062500
965.786010742187500
965.199279785156250
964.212646484375000
964.245239257812500
964.934570312500000
965.155456542968750
965.241333007812500
964.708068847656250
964.124755859375000
964.108215332031250
963.824462890625000
964.039733886718750
965.116821289062500
964.907653808593750
964.232971191406250
963.651977539062500
964.009826660156250
964.749633789062500
964.443664550781250
964.099792480468750
965.354187011718750
966.062805175781250
965.359863281250000
963.821350097656250
964.220214843750000
964.889282226562500
965.687377929687500
965.317626953125000
964.714294433593750
965.088989257812500
964.865417480468750
964.190979003906250
963.693786621093750
964.929687500000000
965.356262207031250
964.843872070312500
963.551696777343750
964.042297363281250
965.426635742187500
964.832580566406250
964.783935546875000
964.620300292968750
965.505310058593750
966.056030273437500
965.425537109375000
964.032104492187500
964.249145507812500
965.180419921875000
964.783081054687500
964.760559082031250
965.408508300781250
966.247131347656250
965.167358398437500
965.330444335937500
966.064697265625000
966.287170410156250
966.553344726562500
966.420776367187500
966.729858398437500
967.860961914062500
968.802307128906250
968.364379882812500
967.619262695312500
968.001892089843750
968.846313476562500
968.746520996093750
968.391235351562500
968.031982421875000
968.134887695312500
968.288330078125000
967.538879394531250
967.531494140625000
968.910522460937500
968.775695800781250
967.607727050781250
967.110900878906250
966.812866210937500
967.467285156250000
967.507629394531250
967.457702636718750
967.598144531250000
967.492492675781250
966.875427246093750
966.858581542968750
967.313903808593750
967.197021484375000
966.276245117187500
966.385681152343750
966.028259277343750
965.499389648437500
965.046997070312500
965.330566406250000
965.473449707031250
964.826110839843750
964.413818359375000
963.899353027343750
963.426818847656250
964.051513671875000
964.555053710937500
964.032653808593750
963.435546875000000
963.543884277343750
964.669311523437500
964.944458007812500
964.644470214843750
963.910644531250000
964.623291015625000
964.963928222656250
964.982788085937500
964.437255859375000
964.809326171875000
965.164672851562500
965.001586914062500
965.327514648437500
965.523742675781250
966.087646484375000
965.690429687500000
964.957458496093750
965.419250488281250
966.463439941406250
966.833129882812500
966.443603515625000
966.876403808593750
966.203979492187500
966.418518066406250
966.552612304687500
966.303344726562500
966.714111328125000
966.864746093750000
967.127014160156250
965.849060058593750
965.965087890625000
965.976196289062500
966.081726074218750
966.341430664062500
967.337158203125000
967.530639648437500
966.577087402343750
965.808898925781250
965.783203125000000
966.723815917968750
968.100952148437500
968.564941406250000
967.352844238281250
967.595336914062500
967.336059570312500
967.483337402343750
967.797363281250000
968.392211914062500
968.462646484375000
967.435913085937500
967.569030761718750
967.515625000000000
968.369140625000000
966.363220214843750
966.449584960937500
966.785949707031250
967.783508300781250
968.193847656250000
967.170166015625000
965.790893554687500
965.512695312500000
966.292480468750000
967.046020507812500
966.943603515625000
966.285583496093750
966.293579101562500
966.240600585937500
965.985107421875000
966.239257812500000
965.628173828125000
965.229492187500000
965.010009765625000
965.181518554687500
966.219299316406250
964.630615234375000
963.896362304687500
963.661254882812500
963.936584472656250
964.886535644531250
964.957702636718750
964.539611816406250
963.871459960937500
965.017089843750000
964.675537109375000
964.955200195312500
964.915283203125000
965.540649414062500
965.639038085937500
965.634826660156250
966.015625000000000
966.536010742187500
967.010742187500000
967.228454589843750
966.587341308593750
967.426574707031250
967.314636230468750
967.054687500000000
967.577819824218750
968.138854980468750
968.496582031250000
968.187255859375000
967.945068359375000
968.036621093750000
969.262023925781250
968.740966796875000
968.865478515625000
969.303283691406250
970.329467773437500
969.052795410156250
968.415466308593750
968.706787109375000
969.574890136718750
970.020996093750000
969.300048828125000
968.895629882812500
969.278930664062500
969.061889648437500
969.007934570312500
967.980590820312500
968.419494628906250
969.398620605468750
969.675048828125000
969.280883789062500
968.305664062500000
967.804016113281250
967.743041992187500
968.103698730468750
968.543090820312500
968.448181152343750
967.734924316406250
967.389770507812500
968.025390625000000
968.369689941406250
968.013610839843750
967.388366699218750
967.223632812500000
967.015258789062500
967.465393066406250
967.108215332031250
967.391174316406250
967.249755859375000
967.918151855468750
967.625183105468750
966.592590332031250
967.201110839843750
967.013122558593750
966.627258300781250
966.107299804687500
965.755187988281250
967.190246582031250
967.152221679687500
966.098266601562500
965.219482421875000
965.332519531250000
966.845947265625000
967.233520507812500
966.649414062500000
966.700439453125000
966.494079589843750
966.062255859375000
965.492858886718750
966.074829101562500
966.104125976562500
966.558776855468750
967.106018066406250
967.194580078125000
965.621337890625000
965.868591308593750
966.386047363281250
967.109619140625000
967.735046386718750
966.727294921875000
965.319641113281250
964.466369628906250
966.892150878906250
968.169555664062500
967.383544921875000
966.385437011718750
965.521972656250000
966.688476562500000
966.505371093750000
965.944091796875000
965.321716308593750
964.882812500000000
966.296142578125000
966.678161621093750
965.628112792968750
964.865478515625000
964.999328613281250
965.193115234375000
965.255737304687500
965.399414062500000
965.330200195312500
965.061279296875000
964.535461425781250
964.232177734375000
964.250183105468750
964.506164550781250
964.847656250000000
964.466552734375000
964.993041992187500
963.598754882812500
963.369689941406250
963.677368164062500
964.860473632812500
964.731140136718750
964.740600585937500
964.279052734375000
964.495849609375000
965.370910644531250
965.177490234375000
964.628173828125000
965.122192382812500
966.408386230468750
966.272766113281250
965.460388183593750
964.885070800781250
965.601074218750000
967.564880371093750
967.428466796875000
967.092041015625000
966.245971679687500
966.404541015625000
966.691284179687500
966.849792480468750
966.917175292968750
967.027099609375000
966.996337890625000
967.275268554687500
967.370117187500000
967.422973632812500
967.194030761718750
966.495422363281250
966.469177246093750
966.786560058593750
967.280395507812500
966.363159179687500
965.757995605468750
965.985229492187500
966.721496582031250
967.321655273437500
966.042602539062500
966.246582031250000
965.396240234375000
965.183776855468750
966.319335937500000
965.498229980468750
966.178466796875000
965.772766113281250
964.835021972656250
965.474487304687500
966.267089843750000
966.361206054687500
965.651123046875000
965.219543457031250
964.918701171875000
965.873779296875000
965.726562500000000
964.614562988281250
965.112060546875000
965.288513183593750
965.613525390625000
964.627563476562500
964.554443359375000
964.595642089843750
964.240112304687500
964.187988281250000
964.049133300781250
964.735595703125000
964.531066894531250
964.358642578125000
964.250793457031250
964.734741210937500
965.007690429687500
964.598388671875000
963.140563964843750
962.936889648437500
964.280517578125000
964.617797851562500
964.316772460937500
964.347595214843750
964.018554687500000
963.806579589843750
964.797668457031250
964.848632812500000
964.674194335937500
964.140502929687500
964.595336914062500
964.836303710937500
965.026489257812500
965.535278320312500
964.558471679687500
964.699645996093750
965.237792968750000
966.154907226562500
966.244140625000000
964.517395019531250
965.046936035156250
964.458801269531250
965.604492187500000
965.795898437500000
965.352966308593750
965.170715332031250
964.970275878906250
965.159790039062500
965.327270507812500
965.306152343750000
965.781494140625000
965.058227539062500
965.148559570312500
964.856323242187500
964.475463867187500
964.669189453125000
964.612976074218750
964.441040039062500
965.129882812500000
965.994934082031250
965.107543945312500
964.403869628906250
964.397949218750000
964.769958496093750
965.144104003906250
964.664794921875000
963.777099609375000
964.256835937500000
964.672546386718750
965.199279785156250
966.221496582031250
965.889892578125000
964.712829589843750
964.447265625000000
965.145812988281250
965.402587890625000
965.660766601562500
965.652343750000000
966.185607910156250
966.629943847656250
966.904724121093750
966.945312500000000
966.824951171875000
966.356933593750000
965.938964843750000
966.893188476562500
967.331054687500000
966.851501464843750
967.118408203125000
965.986755371093750
967.019958496093750
966.965209960937500
966.618896484375000
966.240966796875000
965.638244628906250
965.091003417968750
965.356079101562500
966.937438964843750
965.870788574218750
965.557250976562500
964.187500000000000
964.476257324218750
965.539428710937500
965.300781250000000
964.639282226562500
963.617919921875000
963.794128417968750
964.208251953125000
964.850341796875000
965.426818847656250
964.228820800781250
963.380737304687500
963.470947265625000
964.494506835937500
964.446228027343750
964.504150390625000
964.147644042968750
964.110717773437500
964.902465820312500
964.826049804687500
963.940307617187500
964.198181152343750
964.932617187500000
964.838928222656250
965.177124023437500
964.258361816406250
964.442016601562500
964.779357910156250
964.796325683593750
965.019897460937500
965.422363281250000
965.479125976562500
965.255371093750000
964.833557128906250
966.588623046875000
966.183532714843750
964.972412109375000
964.503295898437500
964.795654296875000
966.172973632812500
965.710144042968750
965.004211425781250
965.180847167968750
966.142456054687500
965.589965820312500
965.629516601562500
965.015075683593750
965.398559570312500
964.995117187500000
964.738647460937500
965.188232421875000
964.771667480468750
965.884521484375000
964.967102050781250
963.797180175781250
965.099243164062500
965.735595703125000
965.082153320312500
963.968505859375000
963.848754882812500
964.511413574218750
964.628234863281250
964.455749511718750
964.001586914062500
964.552612304687500
965.092529296875000
965.195678710937500
964.748352050781250
964.018127441406250
963.354980468750000
963.886230468750000
964.884826660156250
965.152282714843750
964.467773437500000
964.173034667968750
963.744628906250000
964.389404296875000
964.420837402343750
965.275878906250000
964.435668945312500
963.739929199218750
964.001892089843750
964.232421875000000
964.356811523437500
964.424987792968750
964.203796386718750
964.472534179687500
964.679565429687500
965.086120605468750
964.448791503906250
964.528198242187500
964.010192871093750
964.759033203125000
965.160766601562500
965.894775390625000
965.227905273437500
964.384704589843750
964.475708007812500
965.471740722656250
965.730834960937500
965.151977539062500
964.583435058593750
964.532287597656250
964.576110839843750
965.214843750000000
964.890625000000000
964.864013671875000
964.656127929687500
965.551879882812500
965.239501953125000
964.769348144531250
964.638549804687500
964.106323242187500
963.663146972656250
964.124877929687500
965.473266601562500
965.482299804687500
963.865722656250000
963.094177246093750
963.696105957031250
964.737304687500000
964.551391601562500
964.103698730468750
964.545043945312500
964.588989257812500
964.061218261718750
964.191284179687500
964.079284667968750
964.421386718750000
964.374877929687500
963.959472656250000
964.212951660156250
964.498962402343750
963.450927734375000
962.236572265625000
963.013061523437500
964.580017089843750
965.305908203125000
963.810058593750000
963.106933593750000
962.830627441406250
963.463134765625000
963.566345214843750
963.315246582031250
963.404541015625000
963.429199218750000
963.534667968750000
963.255737304687500
963.336059570312500
963.376525878906250
962.947143554687500
963.121459960937500
964.073303222656250
964.937072753906250
964.166015625000000
962.561218261718750
962.694030761718750
963.900329589843750
964.806823730468750
964.974243164062500
963.981018066406250
964.228637695312500
964.197753906250000
964.929809570312500
965.243408203125000
964.411376953125000
964.797790527343750
965.629943847656250
965.220581054687500
964.956359863281250
964.957641601562500
965.662963867187500
965.734069824218750
966.111450195312500
965.719482421875000
966.111206054687500
965.957458496093750
964.512695312500000
965.503540039062500
965.617858886718750
966.443603515625000
966.358398437500000
965.728759765625000
965.244201660156250
965.625549316406250
965.828186035156250
965.473999023437500
965.682250976562500
965.171081542968750
965.493408203125000
965.771545410156250
965.806396484375000
965.521240234375000
964.802001953125000
964.269226074218750
966.016906738281250
966.330871582031250
965.079833984375000
963.560180664062500
963.485595703125000
964.778198242187500
965.915039062500000
964.801757812500000
963.869689941406250
963.779541015625000
963.356994628906250
964.484130859375000
964.388549804687500
964.661437988281250
964.233398437500000
963.974914550781250
963.568359375000000
963.748168945312500
963.626586914062500
963.982421875000000
964.211181640625000
964.891174316406250
964.830444335937500
964.824645996093750
963.510559082031250
962.664733886718750
963.840637207031250
964.901367187500000
965.527160644531250
964.903930664062500
964.008300781250000
964.344177246093750
963.976501464843750
964.385925292968750
964.993774414062500
965.510498046875000
965.215942382812500
964.222900390625000
964.953613281250000
965.344360351562500
964.959716796875000
965.309082031250000
964.853210449218750
965.600952148437500
966.183837890625000
965.429504394531250
964.021911621093750
964.666931152343750
964.821655273437500
965.924438476562500
966.260620117187500
965.807739257812500
965.227050781250000
964.723022460937500
964.764892578125000
964.690246582031250
965.395141601562500
965.336608886718750
965.198303222656250
965.264282226562500
964.994506835937500
965.139892578125000
964.926879882812500
964.229980468750000
965.895507812500000
966.284362792968750
965.527770996093750
963.793579101562500
963.552490234375000
963.973449707031250
965.453979492187500
966.343627929687500
965.426879882812500
965.000793457031250
964.329956054687500
964.558532714843750
965.099121093750000
965.348266601562500
965.086669921875000
964.718994140625000
964.706787109375000
965.433593750000000
965.919189453125000
965.433593750000000
964.303039550781250
964.840148925781250
966.028320312500000
965.982788085937500
965.084594726562500
964.656738281250000
964.833984375000000
965.764465332031250
965.370910644531250
964.692260742187500
964.739746093750000
964.285583496093750
964.321594238281250
964.140380859375000
964.025146484375000
964.889404296875000
964.307739257812500
964.590698242187500
964.067260742187500
963.712097167968750
963.765502929687500
963.341918945312500
964.216674804687500
964.303771972656250
964.751892089843750
964.012695312500000
963.369323730468750
962.543579101562500
964.155883789062500
965.139282226562500
964.965698242187500
964.308471679687500
963.124694824218750
963.814392089843750
964.062805175781250
964.326354980468750
964.296447753906250
963.664001464843750
963.524169921875000
964.719360351562500
965.157775878906250
965.392822265625000
964.505859375000000
964.053833007812500
963.594848632812500
964.494628906250000
965.012207031250000
964.795898437500000
965.057006835937500
964.630493164062500
963.978027343750000
963.949584960937500
965.425537109375000
965.701232910156250
965.197326660156250
964.266357421875000
964.423583984375000
964.772399902343750
965.002380371093750
964.562744140625000
963.672424316406250
965.294677734375000
965.048461914062500
964.501281738281250
963.030029296875000
963.320739746093750
963.638366699218750
964.461791992187500
963.750427246093750
963.354248046875000
963.449890136718750
962.471130371093750
962.313110351562500
962.633239746093750
964.045104980468750
962.973144531250000
962.775085449218750
961.974243164062500
962.318542480468750
962.971435546875000
961.837646484375000
961.867126464843750
962.757568359375000
964.476440429687500
963.765197753906250
963.063598632812500
962.539611816406250
963.119262695312500
963.700927734375000
964.619323730468750
964.634277343750000
964.485656738281250
964.342590332031250
963.833618164062500
963.709960937500000
965.364501953125000
966.223144531250000
965.704467773437500
965.581054687500000
965.540649414062500
966.264221191406250
966.031127929687500
966.043762207031250
966.368469238281250
966.817504882812500
966.543273925781250
966.419189453125000
965.958679199218750
965.385742187500000
966.100463867187500
966.494812011718750
966.424377441406250
967.097412109375000
965.832397460937500
965.662963867187500
965.430053710937500
966.115356445312500
967.170837402343750
965.941040039062500
965.412109375000000
965.440612792968750
966.071105957031250
966.703063964843750
965.173217773437500
965.074279785156250
964.891845703125000
965.638305664062500
965.521789550781250
964.815795898437500
964.195678710937500
964.877136230468750
964.147155761718750
964.649169921875000
964.302490234375000
964.851928710937500
964.250976562500000
963.949829101562500
963.885620117187500
964.838256835937500
964.994140625000000
964.565917968750000
964.637573242187500
965.179931640625000
965.365600585937500
965.036865234375000
965.097167968750000
964.857604980468750
965.652221679687500
965.533447265625000
965.346618652343750
964.954406738281250
964.624145507812500
964.670898437500000
965.585754394531250
966.689941406250000
966.548522949218750
964.572753906250000
963.496459960937500
964.515258789062500
965.832458496093750
966.577636718750000
966.401611328125000
965.745727539062500
965.875488281250000
966.302124023437500
965.532470703125000
965.059448242187500
965.308715820312500
965.577453613281250
965.625000000000000
966.168640136718750
966.032287597656250
964.892639160156250
963.512878417968750
963.856140136718750
964.817687988281250
965.261535644531250
964.583251953125000
962.840820312500000
962.242309570312500
963.344604492187500
964.039428710937500
963.650390625000000
963.218139648437500
962.457153320312500
963.887207031250000
962.774047851562500
961.877502441406250
961.384887695312500
961.502136230468750
962.835083007812500
963.641845703125000
963.171569824218750
963.035278320312500
962.162170410156250
961.832153320312500
962.848999023437500
964.825317382812500
964.700378417968750
963.629150390625000
962.893066406250000
963.774902343750000
965.040466308593750
965.970275878906250
966.529602050781250
966.669006347656250
967.710571289062500
966.883239746093750
965.716857910156250
966.406433105468750
966.163085937500000
967.755981445312500
967.953369140625000
967.962829589843750
968.104980468750000
967.636901855468750
966.952209472656250
966.791748046875000
967.607604980468750
968.178222656250000
967.995910644531250
967.440551757812500
967.898681640625000
968.227966308593750
968.294799804687500
967.627136230468750
966.750122070312500
967.054199218750000
967.823974609375000
968.105468750000000
967.569824218750000
965.829162597656250
965.046691894531250
965.411132812500000
966.629882812500000
966.877563476562500
966.495605468750000
964.938110351562500
963.715087890625000
963.715881347656250
964.254943847656250
964.776672363281250
963.844787597656250
963.280517578125000
963.678649902343750
964.516479492187500
963.923889160156250
963.805541992187500
963.403442382812500
963.627807617187500
965.044555664062500
964.314636230468750
963.416259765625000
963.409179687500000
963.012268066406250
964.390563964843750
965.531127929687500
965.382690429687500
964.763061523437500
963.297485351562500
963.838867187500000
964.347473144531250
965.080993652343750
964.715087890625000
964.436767578125000
964.766418457031250
965.036254882812500
966.025146484375000
965.288330078125000
964.979187011718750
965.194396972656250
965.505798339843750
965.496704101562500
965.935424804687500
965.175537109375000
964.601623535156250
964.820922851562500
964.994995117187500
967.200317382812500
966.513549804687500
965.115539550781250
964.324890136718750
964.710449218750000
965.147338867187500
964.930786132812500
964.985351562500000
963.910522460937500
965.391723632812500
965.743103027343750
965.618774414062500
964.772460937500000
965.649536132812500
965.160522460937500
965.577697753906250
965.190307617187500
964.591186523437500
963.360717773437500
963.406127929687500
963.744384765625000
966.259277343750000
966.502014160156250
964.573242187500000
963.777343750000000
963.196655273437500
964.783142089843750
964.664916992187500
964.852294921875000
965.059204101562500
965.276489257812500
966.115661621093750
966.050170898437500
966.357360839843750
965.720153808593750
966.003051757812500
966.092285156250000
966.695251464843750
967.383422851562500
966.433471679687500
965.092529296875000
965.034545898437500
966.187988281250000
967.590454101562500
966.442016601562500
965.375488281250000
964.598571777343750
964.288024902343750
965.419982910156250
965.683105468750000
965.321044921875000
965.904235839843750
965.305419921875000
965.011413574218750
965.048217773437500
964.172485351562500
964.219360351562500
963.702697753906250
964.494812011718750
964.871704101562500
963.914306640625000
963.157409667968750
961.488769531250000
962.162719726562500
963.694824218750000
964.086975097656250
963.551513671875000
961.791748046875000
961.468811035156250
961.660644531250000
962.543823242187500
962.268554687500000
963.147399902343750
962.585083007812500
962.082824707031250
962.942993164062500
963.179931640625000
962.692077636718750
962.171325683593750
962.549316406250000
963.048278808593750
964.456420898437500
963.287780761718750
963.035522460937500
962.320617675781250
963.749023437500000
965.506103515625000
965.170654296875000
964.210815429687500
963.329833984375000
963.286743164062500
965.425659179687500
966.474121093750000
965.438049316406250
965.465820312500000
965.694396972656250
966.457702636718750
966.915588378906250
966.738586425781250
966.126342773437500
966.475219726562500
966.932495117187500
968.098632812500000
967.884094238281250
966.293579101562500
965.903137207031250
966.449096679687500
967.500976562500000
967.867492675781250
967.419982910156250
966.540527343750000
966.748779296875000
966.330932617187500
966.005310058593750
966.601806640625000
966.005981445312500
966.212219238281250
965.662841796875000
965.791687011718750
966.475280761718750
965.734375000000000
965.053222656250000
964.589904785156250
965.231018066406250
965.645385742187500
965.052429199218750
963.953308105468750
963.998901367187500
964.490112304687500
965.020446777343750
965.332336425781250
963.735107421875000
963.425048828125000
963.027038574218750
963.889160156250000
964.164794921875000
964.201110839843750
963.730468750000000
963.157836914062500
964.001892089843750
964.423583984375000
964.555541992187500
963.788757324218750
963.798767089843750
964.525207519531250
965.330200195312500
964.596313476562500
963.928100585937500
963.613403320312500
964.048583984375000
964.870483398437500
965.638122558593750
965.725769042968750
964.598999023437500
964.091918945312500
964.585693359375000
965.142517089843750
965.706115722656250
965.323364257812500
964.746215820312500
965.686462402343750
965.687194824218750
966.751342773437500
966.065368652343750
964.764343261718750
965.556518554687500
965.992492675781250
966.314697265625000
965.615844726562500
965.300720214843750
965.374938964843750
966.279296875000000
965.545410156250000
965.667053222656250
965.795166015625000
964.622009277343750
964.627807617187500
965.140930175781250
965.514465332031250
965.814697265625000
965.797851562500000
964.658081054687500
964.510131835937500
966.156738281250000
966.386962890625000
965.147216796875000
964.958190917968750
964.690185546875000
964.926269531250000
965.931335449218750
964.669067382812500
964.334838867187500
964.369384765625000
964.244262695312500
965.077026367187500
965.453918457031250
965.634033203125000
964.482421875000000
963.776733398437500
964.243957519531250
964.984130859375000
964.442565917968750
963.787719726562500
963.836425781250000
964.690612792968750
965.457824707031250
964.971435546875000
964.026062011718750
963.814636230468750
964.493835449218750
964.753967285156250
964.593994140625000
963.871948242187500
963.750366210937500
964.043823242187500
964.546875000000000
964.763488769531250
964.872985839843750
963.659606933593750
963.545959472656250
964.032226562500000
964.732055664062500
965.639831542968750
963.818847656250000
963.815002441406250
964.348083496093750
965.584472656250000
964.971130371093750
963.759155273437500
963.990112304687500
964.911437988281250
966.167724609375000
965.456787109375000
964.510620117187500
964.363769531250000
964.459777832031250
965.211242675781250
964.865966796875000
965.985839843750000
965.198730468750000
964.507385253906250
965.449829101562500
966.017456054687500
966.674621582031250
966.285827636718750
965.350769042968750
966.228698730468750
966.466369628906250
966.823547363281250
966.264892578125000
966.175659179687500
967.364501953125000
967.541198730468750
967.171142578125000
965.889343261718750
965.846191406250000
966.138427734375000
966.566162109375000
967.452087402343750
967.507873535156250
966.861938476562500
965.916503906250000
965.319885253906250
965.740844726562500
965.620178222656250
966.495239257812500
967.090515136718750
966.955932617187500
966.130798339843750
965.957275390625000
965.175720214843750
965.496582031250000
966.424682617187500
966.318420410156250
966.273376464843750
966.193603515625000
964.980651855468750
965.452392578125000
965.275024414062500
965.578918457031250
965.346313476562500
965.914062500000000
965.502929687500000
964.437194824218750
963.744384765625000
964.633789062500000
965.822021484375000
965.723999023437500
964.655883789062500
964.697204589843750
965.880920410156250
965.695861816406250
965.272583007812500
964.722595214843750
964.492980957031250
965.053222656250000
965.681518554687500
965.389770507812500
965.954101562500000
965.407165527343750
965.180175781250000
965.970581054687500
967.356567382812500
966.826904296875000
966.389404296875000
965.220214843750000
965.646606445312500
966.258972167968750
966.922302246093750
967.256286621093750
967.733337402343750
968.047851562500000
967.953002929687500
967.790405273437500
967.123657226562500
967.039062500000000
967.291503906250000
967.243652343750000
967.484863281250000
968.055786132812500
967.571838378906250
967.055053710937500
966.673339843750000
967.567138671875000
967.321594238281250
966.813842773437500
965.774536132812500
964.750366210937500
965.235839843750000
965.818969726562500
965.827697753906250
966.212890625000000
966.245910644531250
966.102111816406250
965.363220214843750
965.061950683593750
964.424682617187500
964.473449707031250
964.630981445312500
965.413452148437500
965.172546386718750
964.576171875000000
964.184753417968750
964.038269042968750
965.655578613281250
966.008300781250000
964.922729492187500
963.655700683593750
963.866821289062500
963.980041503906250
964.017211914062500
964.510620117187500
964.313354492187500
965.115051269531250
965.107727050781250
965.011718750000000
964.695129394531250
964.538452148437500
964.064392089843750
964.325073242187500
964.823852539062500
965.165161132812500
965.724609375000000
964.809570312500000
963.582092285156250
963.990722656250000
964.667968750000000
965.159362792968750
965.014099121093750
964.796142578125000
964.614440917968750
964.331665039062500
964.585693359375000
964.658264160156250
964.684997558593750
964.626953125000000
964.807861328125000
964.364379882812500
964.528991699218750
964.090026855468750
963.369506835937500
963.376892089843750
964.434143066406250
965.634948730468750
965.255737304687500
963.891418457031250
963.383972167968750
963.504882812500000
963.983520507812500
964.581298828125000
964.184997558593750
965.025512695312500
965.189331054687500
965.384399414062500
964.378723144531250
965.157958984375000
966.272705078125000
966.237060546875000
966.534423828125000
965.932556152343750
965.742431640625000
966.285522460937500
966.171936035156250
967.020996093750000
967.935058593750000
968.738281250000000
966.977416992187500
965.935180664062500
966.766601562500000
967.287109375000000
967.349426269531250
968.220825195312500
968.561096191406250
968.608032226562500
967.456665039062500
966.682128906250000
966.932617187500000
968.286621093750000
967.669311523437500
967.803527832031250
968.301391601562500
968.361083984375000
967.557006835937500
965.593627929687500
965.930847167968750
967.192565917968750
967.544250488281250
966.520507812500000
965.810974121093750
964.708740234375000
964.955871582031250
966.256896972656250
966.310302734375000
966.197387695312500
965.521423339843750
965.020019531250000
964.606933593750000
964.061401367187500
964.165466308593750
964.469360351562500
964.824401855468750
964.678588867187500
964.417907714843750
963.289001464843750
963.141113281250000
963.484130859375000
964.321228027343750
965.367126464843750
963.880004882812500
962.637756347656250
963.010070800781250
963.973449707031250
964.588195800781250
963.914062500000000
964.825195312500000
964.574157714843750
964.511779785156250
963.861694335937500
963.605224609375000
964.649475097656250
964.848083496093750
964.575256347656250
965.188598632812500
965.574829101562500
964.964965820312500
964.447875976562500
963.179260253906250
963.332153320312500
965.538146972656250
966.189514160156250
965.452575683593750
964.395385742187500
964.414184570312500
965.124511718750000
963.910156250000000
964.161621093750000
965.223510742187500
965.249511718750000
964.242919921875000
963.415283203125000
963.535034179687500
965.269409179687500
964.697509765625000
963.652832031250000
963.562622070312500
964.106811523437500
963.940734863281250
963.126098632812500
962.218261718750000
963.288635253906250
963.710449218750000
962.541625976562500
962.279235839843750
962.786254882812500
962.732788085937500
963.010925292968750
963.592590332031250
963.566589355468750
962.773315429687500
961.982421875000000
961.864379882812500
963.127197265625000
964.214355468750000
964.013061523437500
964.599792480468750
963.870849609375000
964.797363281250000
964.713134765625000
963.826843261718750
964.417602539062500
964.233398437500000
965.501159667968750
966.542968750000000
964.737304687500000
963.937255859375000
965.232788085937500
965.251586914062500
965.548034667968750
965.394042968750000
966.242431640625000
965.687072753906250
965.357482910156250
964.614013671875000
966.004089355468750
966.030578613281250
965.177612304687500
965.851318359375000
965.341247558593750
965.644836425781250
964.947265625000000
963.989501953125000
965.048889160156250
965.577209472656250
965.330261230468750
963.228515625000000
963.067199707031250
963.875244140625000
964.251220703125000
964.223205566406250
964.333496093750000
964.517028808593750
963.785156250000000
963.577026367187500
962.784729003906250
962.654357910156250
963.128662109375000
964.189453125000000
964.122436523437500
964.414733886718750
963.811889648437500
962.942260742187500
963.031311035156250
962.228881835937500
963.622802734375000
964.290527343750000
964.499877929687500
964.021667480468750
963.812500000000000
963.757324218750000
963.781616210937500
964.191894531250000
964.951049804687500
964.996826171875000
964.519714355468750
963.974975585937500
964.425598144531250
964.343750000000000
964.906921386718750
964.934082031250000
964.821655273437500
964.655761718750000
964.358093261718750
963.418457031250000
964.292175292968750
964.284240722656250
964.392578125000000
963.836914062500000
964.129516601562500
964.279907226562500
963.691284179687500
963.219726562500000
963.814941406250000
965.498657226562500
965.482910156250000
965.247375488281250
964.067504882812500
963.987670898437500
964.834594726562500
965.242248535156250
965.294677734375000
965.619140625000000
966.451354980468750
965.958129882812500
965.132995605468750
964.736755371093750
965.796997070312500
965.452026367187500
965.846618652343750
966.073608398437500
965.916809082031250
965.254272460937500
965.535949707031250
965.420410156250000
965.699462890625000
965.755554199218750
965.411621093750000
965.156799316406250
965.987365722656250
965.835815429687500
965.085327148437500
964.915710449218750
965.322387695312500
966.757446289062500
966.283813476562500
965.454162597656250
964.499389648437500
964.996704101562500
965.408386230468750
965.790222167968750
965.367675781250000
965.566772460937500
965.993591308593750
965.440002441406250
964.899475097656250
965.133666992187500
966.234008789062500
965.875305175781250
964.998046875000000
964.600646972656250
965.306518554687500
965.682800292968750
965.505310058593750
965.135742187500000
965.126831054687500
964.929626464843750
965.086242675781250
964.410339355468750
963.884704589843750
964.459045410156250
964.545104980468750
964.042358398437500
964.531494140625000
964.391479492187500
964.119018554687500
963.287597656250000
963.570251464843750
964.229858398437500
964.622009277343750
963.477844238281250
962.580322265625000
963.382751464843750
964.114562988281250
964.139343261718750
964.314941406250000
963.669433593750000
964.237792968750000
963.629760742187500
963.228332519531250
963.329589843750000
963.560302734375000
964.089538574218750
964.679016113281250
964.288940429687500
964.768371582031250
964.081665039062500
963.704650878906250
964.345092773437500
964.519287109375000
965.584838867187500
964.735351562500000
964.155151367187500
964.759826660156250
965.413940429687500
966.057373046875000
965.169677734375000
965.334106445312500
966.678955078125000
965.970642089843750
965.083862304687500
965.406921386718750
965.462158203125000
965.927856445312500
965.795471191406250
966.632812500000000
966.305541992187500
966.369262695312500
965.889404296875000
965.207946777343750
965.799743652343750
965.968627929687500
966.085876464843750
966.079162597656250
966.089965820312500
965.939514160156250
965.797058105468750
965.592956542968750
965.837768554687500
965.283325195312500
965.961120605468750
965.670166015625000
964.151367187500000
964.969360351562500
964.883850097656250
965.125854492187500
964.673095703125000
965.018859863281250
965.083251953125000
964.814453125000000
964.227294921875000
964.535766601562500
965.989501953125000
965.477722167968750
964.875366210937500
964.657165527343750
964.403320312500000
965.321777343750000
965.329284667968750
965.061828613281250
965.062744140625000
964.994018554687500
964.698547363281250
963.558349609375000
963.662597656250000
963.268127441406250
963.451538085937500
963.405700683593750
963.480773925781250
964.303466796875000
962.826354980468750
962.276611328125000
960.909423828125000
962.324035644531250
962.164123535156250
962.492187500000000
961.909606933593750
962.328552246093750
962.068542480468750
962.514526367187500
961.781188964843750
961.465576171875000
961.388305664062500
961.848632812500000
962.326965332031250
962.980651855468750
963.281433105468750
963.217163085937500
962.409973144531250
962.580261230468750
963.332519531250000
963.723266601562500
963.795593261718750
963.860534667968750
964.670043945312500
965.421386718750000
965.681762695312500
964.469848632812500
964.717224121093750
966.090332031250000
966.833862304687500
966.479614257812500
966.427368164062500
967.365417480468750
967.770080566406250
966.922119140625000
967.365966796875000
967.402893066406250
968.415832519531250
967.509521484375000
967.361755371093750
968.019531250000000
968.447143554687500
967.338195800781250
967.121337890625000
967.307495117187500
968.083984375000000
967.323425292968750
966.518859863281250
966.076965332031250
966.509765625000000
966.514282226562500
965.743469238281250
964.514892578125000
964.671142578125000
964.531433105468750
964.351928710937500
963.834655761718750
963.883056640625000
963.512695312500000
963.159484863281250
962.956665039062500
962.302001953125000
963.014343261718750
963.008789062500000
962.868774414062500
962.667236328125000
962.786560058593750
962.981323242187500
964.155761718750000
962.821838378906250
962.990722656250000
963.504943847656250
963.649475097656250
963.886474609375000
964.249145507812500
964.891601562500000
964.645751953125000
964.459411621093750
964.708251953125000
964.824951171875000
964.687072753906250
965.557373046875000
965.908813476562500
966.428649902343750
965.956420898437500
965.899719238281250
966.399047851562500
967.223144531250000
967.220642089843750
967.006286621093750
966.978149414062500
966.534423828125000
966.540893554687500
966.683654785156250
966.972290039062500
967.630920410156250
967.586242675781250
967.077026367187500
966.927307128906250
965.822509765625000
966.048889160156250
967.011291503906250
966.335754394531250
966.100341796875000
965.959838867187500
966.358886718750000
966.389404296875000
965.876342773437500
964.993591308593750
964.927673339843750
965.538940429687500
964.830505371093750
964.804321289062500
964.967163085937500
964.698181152343750
964.753356933593750
964.969238281250000
964.115600585937500
964.307800292968750
963.568847656250000
963.551574707031250
964.043701171875000
963.926513671875000
963.849914550781250
963.507324218750000
963.994445800781250
963.546997070312500
964.200439453125000
963.865112304687500
963.260314941406250
964.104187011718750
965.118530273437500
965.353271484375000
965.082397460937500
964.188171386718750
964.559204101562500
965.066772460937500
965.944335937500000
965.637390136718750
966.412475585937500
966.366760253906250
966.224792480468750
966.680053710937500
966.398376464843750
966.114257812500000
966.773376464843750
966.979797363281250
967.892395019531250
968.760620117187500
967.540893554687500
967.342773437500000
967.446533203125000
967.757507324218750
968.686462402343750
968.215698242187500
968.807250976562500
968.669372558593750
968.743896484375000
969.157653808593750
969.159240722656250
969.020019531250000
969.148742675781250
969.051025390625000
969.384826660156250
969.258300781250000
968.753479003906250
968.506164550781250
968.737060546875000
968.823730468750000
968.373962402343750
968.318603515625000
968.147583007812500
968.028747558593750
968.618835449218750
967.775329589843750
967.712097167968750
967.518310546875000
967.750366210937500
967.894531250000000
967.444580078125000
967.884826660156250
968.130981445312500
967.457031250000000
967.202087402343750
967.492797851562500
967.264038085937500
966.786071777343750
966.848449707031250
967.975585937500000
968.574218750000000
968.079223632812500
967.432495117187500
966.478393554687500
967.264160156250000
968.143920898437500
968.258972167968750
968.080261230468750
967.224670410156250
967.156616210937500
967.720520019531250
966.712951660156250
966.910461425781250
967.266113281250000
967.605041503906250
967.073242187500000
966.638854980468750
966.696533203125000
966.859985351562500
966.639038085937500
965.861145019531250
966.012145996093750
965.848022460937500
966.109741210937500
965.328125000000000
965.268188476562500
965.707031250000000
965.423522949218750
965.954406738281250
965.446594238281250
965.977722167968750
965.039550781250000
964.439575195312500
965.339233398437500
966.191406250000000
966.768310546875000
965.842712402343750
965.424560546875000
965.877624511718750
966.240173339843750
966.766723632812500
966.684936523437500
966.683959960937500
967.315917968750000
967.016479492187500
967.273254394531250
967.118469238281250
967.670043945312500
967.849548339843750
968.244506835937500
968.213500976562500
968.693298339843750
969.030822753906250
969.039062500000000
968.784545898437500
968.776550292968750
968.956298828125000
969.204956054687500
969.015808105468750
969.221435546875000
969.562011718750000
969.384338378906250
969.030090332031250
968.891235351562500
968.911560058593750
969.333801269531250
969.292053222656250
968.511291503906250
968.210571289062500
969.029602050781250
969.225463867187500
968.034057617187500
967.872558593750000
967.686767578125000
967.769714355468750
968.454467773437500
968.144226074218750
967.031250000000000
966.243103027343750
965.895996093750000
966.388549804687500
966.524597167968750
966.685241699218750
966.084228515625000
965.024536132812500
965.215942382812500
964.495666503906250
964.255859375000000
964.584899902343750
965.122680664062500
965.176818847656250
963.308410644531250
963.401977539062500
963.666931152343750
964.286132812500000
963.774475097656250
963.142089843750000
963.612609863281250
963.717407226562500
963.854797363281250
963.555786132812500
963.559997558593750
963.989501953125000
964.192260742187500
964.652954101562500
964.819702148437500
964.867065429687500
963.765869140625000
964.360046386718750
965.014526367187500
965.939025878906250
966.449584960937500
966.636779785156250
965.672729492187500
965.671997070312500
966.310363769531250
966.803833007812500
966.790954589843750
966.988647460937500
967.068969726562500
967.536499023437500
967.106445312500000
966.914306640625000
967.654174804687500
967.717834472656250
967.653930664062500
967.409790039062500
967.505676269531250
967.892761230468750
967.027404785156250
966.888854980468750
966.884094238281250
968.227539062500000
967.902099609375000
968.406555175781250
967.261962890625000
967.123779296875000
967.155578613281250
966.667968750000000
966.731445312500000
966.763427734375000
967.236206054687500
966.778015136718750
966.238952636718750
966.080261230468750
965.798156738281250
965.200317382812500
965.105102539062500
965.551635742187500
965.431579589843750
965.102600097656250
964.533813476562500
964.630065917968750
964.885803222656250
965.413574218750000
964.806457519531250
964.256591796875000
963.838500976562500
964.336242675781250
964.106140136718750
964.044616699218750
964.185913085937500
964.723327636718750
964.653869628906250
964.467651367187500
964.353881835937500
963.998535156250000
964.158081054687500
964.124267578125000
964.294250488281250
964.668579101562500
965.329284667968750
963.697265625000000
963.564086914062500
964.028381347656250
964.914062500000000
965.868469238281250
965.407653808593750
964.774108886718750
964.507507324218750
965.317565917968750
965.628906250000000
965.747253417968750
965.787719726562500
965.829711914062500
965.317138671875000
965.427490234375000
966.036437988281250
966.059020996093750
966.264038085937500
966.012268066406250
966.297729492187500
967.416503906250000
966.445861816406250
965.650329589843750
966.105590820312500
966.453125000000000
966.829406738281250
966.442382812500000
966.694458007812500
967.045410156250000
966.330261230468750
966.048522949218750
966.171142578125000
966.775878906250000
966.140930175781250
965.645629882812500
965.614990234375000
966.215820312500000
966.104797363281250
965.704528808593750
965.518554687500000
966.197021484375000
965.880004882812500
965.632080078125000
964.648071289062500
964.617431640625000
964.535034179687500
964.938293457031250
965.785034179687500
964.827392578125000
964.247497558593750
964.808471679687500
964.762756347656250
964.137878417968750
964.843139648437500
964.670043945312500
964.277893066406250
964.228027343750000
964.487670898437500
964.682556152343750
964.413024902343750
963.821594238281250
964.437011718750000
965.444458007812500
964.891357421875000
964.397460937500000
965.121459960937500
965.264892578125000
965.386779785156250
964.907226562500000
964.687866210937500
965.697265625000000
965.226928710937500
965.194335937500000
965.718139648437500
966.526245117187500
966.406433105468750
965.689880371093750
964.959045410156250
965.176940917968750
966.551879882812500
966.748901367187500
966.489807128906250
965.290283203125000
965.518066406250000
966.081909179687500
966.576171875000000
966.050781250000000
965.819580078125000
966.334350585937500
966.991577148437500
966.277526855468750
966.326843261718750
966.426452636718750
965.800292968750000
965.368713378906250
966.101928710937500
967.095275878906250
966.547485351562500
965.915893554687500
965.851928710937500
966.992614746093750
967.573120117187500
966.334655761718750
965.183410644531250
965.566467285156250
966.938110351562500
966.877685546875000
966.859191894531250
965.829223632812500
966.590881347656250
966.751342773437500
966.266723632812500
966.663146972656250
967.448242187500000
967.202758789062500
965.970886230468750
965.179260253906250
965.788085937500000
967.243408203125000
967.056152343750000
966.657836914062500
965.888061523437500
965.876281738281250
966.296508789062500
965.336181640625000
965.899963378906250
966.256469726562500
966.150085449218750
966.046691894531250
966.023803710937500
966.551269531250000
966.174438476562500
965.467407226562500
966.384033203125000
965.809020996093750
966.931762695312500
966.127380371093750
965.761474609375000
965.590759277343750
966.800048828125000
966.241455078125000
966.046936035156250
965.469482421875000
966.604858398437500
966.848022460937500
965.941650390625000
965.532470703125000
965.304748535156250
965.816528320312500
967.137084960937500
967.057373046875000
966.548706054687500
965.691467285156250
966.077026367187500
966.764770507812500
966.885131835937500
966.888061523437500
966.795288085937500
966.078186035156250
966.594482421875000
967.684997558593750
967.583862304687500
966.710327148437500
966.398620605468750
966.753662109375000
967.298339843750000
966.956665039062500
966.866333007812500
966.880676269531250
967.031921386718750
966.895324707031250
966.557617187500000
966.266723632812500
967.223693847656250
967.706115722656250
966.737487792968750
966.868408203125000
967.425354003906250
967.374084472656250
966.842285156250000
966.259399414062500
967.204467773437500
966.937622070312500
967.230590820312500
966.877319335937500
965.865478515625000
966.207214355468750
966.285522460937500
966.121337890625000
966.965454101562500
966.523010253906250
965.890747070312500
966.036437988281250
967.079833984375000
966.566528320312500
965.833312988281250
965.653808593750000
965.924072265625000
966.837219238281250
966.947998046875000
965.986816406250000
965.110961914062500
966.071411132812500
966.692993164062500
966.503295898437500
966.273437500000000
965.716552734375000
965.116760253906250
965.381408691406250
966.308044433593750
966.702331542968750
966.107482910156250
966.104370117187500
965.182678222656250
964.425537109375000
965.441650390625000
966.086425781250000
966.023681640625000
965.436340332031250
965.728759765625000
966.522827148437500
965.641723632812500
964.962951660156250
965.569702148437500
965.797912597656250
966.691894531250000
965.685791015625000
964.544738769531250
965.617736816406250
965.014526367187500
964.944152832031250
965.757873535156250
965.427612304687500
964.931640625000000
964.396362304687500
964.079956054687500
964.138122558593750
965.430297851562500
964.837768554687500
964.860717773437500
965.642822265625000
965.544067382812500
965.288330078125000
964.354614257812500
965.215393066406250
965.781616210937500
965.959777832031250
966.295715332031250
966.090576171875000
966.388061523437500
965.866027832031250
965.689453125000000
966.538208007812500
966.651367187500000
966.450012207031250
966.380187988281250
966.333190917968750
966.267883300781250
965.774780273437500
965.936767578125000
966.616699218750000
966.688598632812500
966.930603027343750
967.253479003906250
966.646972656250000
966.002441406250000
965.342468261718750
965.989196777343750
967.016601562500000
966.762390136718750
966.649230957031250
966.234252929687500
966.450317382812500
966.338073730468750
966.100769042968750
966.971801757812500
966.276184082031250
966.324462890625000
965.987060546875000
966.108032226562500
965.508789062500000
965.952148437500000
966.722961425781250
966.854492187500000
966.916870117187500
965.331176757812500
964.795166015625000
965.767456054687500
966.271850585937500
966.017700195312500
965.312377929687500
965.336547851562500
966.353515625000000
965.957885742187500
965.144836425781250
965.277343750000000
966.358398437500000
965.542541503906250
964.923767089843750
965.390136718750000
966.036987304687500
966.427246093750000
965.903320312500000
965.493347167968750
965.616088867187500
965.779663085937500
965.941589355468750
966.418090820312500
966.656066894531250
966.085937500000000
965.906005859375000
965.439392089843750
966.572265625000000
966.954101562500000
966.948303222656250
967.266174316406250
967.174621582031250
967.005249023437500
967.119995117187500
966.702880859375000
966.856933593750000
967.452636718750000
968.338562011718750
968.150024414062500
967.075195312500000
967.543579101562500
967.212097167968750
967.743408203125000
967.415405273437500
967.253723144531250
967.628173828125000
968.521057128906250
967.478332519531250
967.115600585937500
966.925964355468750
967.668640136718750
967.340454101562500
966.549987792968750
966.477783203125000
966.881469726562500
966.885192871093750
965.840270996093750
966.441040039062500
966.118041992187500
965.559204101562500
965.327209472656250
965.192443847656250
965.096313476562500
965.414428710937500
965.080200195312500
965.802124023437500
965.638488769531250
965.937927246093750
964.659729003906250
965.351928710937500
965.735595703125000
965.990661621093750
966.893005371093750
966.567443847656250
966.347717285156250
966.327819824218750
965.947998046875000
966.702514648437500
966.734130859375000
966.980529785156250
966.896118164062500
966.772888183593750
965.795898437500000
966.451293945312500
966.612487792968750
966.638122558593750
966.029052734375000
966.993530273437500
967.015136718750000
967.072998046875000
966.981201171875000
966.884948730468750
967.302062988281250
967.090515136718750
967.052612304687500
967.852783203125000
968.302490234375000
967.655639648437500
966.463500976562500
967.232971191406250
967.975219726562500
968.148437500000000
968.066345214843750
967.786254882812500
967.452941894531250
967.375854492187500
967.312194824218750
967.553527832031250
968.171264648437500
968.633300781250000
968.551757812500000
968.944458007812500
968.773071289062500
968.777221679687500
968.351745605468750
968.560424804687500
969.038391113281250
969.382812500000000
969.635437011718750
968.939514160156250
968.679260253906250
968.578735351562500
968.322998046875000
967.630676269531250
968.200378417968750
968.986083984375000
968.923706054687500
968.424804687500000
967.195068359375000
967.247558593750000
968.269531250000000
968.458435058593750
969.058227539062500
967.611022949218750
967.704528808593750
967.746948242187500
968.290832519531250
968.038391113281250
967.261535644531250
967.701782226562500
966.983276367187500
967.293701171875000
967.458007812500000
966.962219238281250
966.700256347656250
966.084167480468750
966.462341308593750
967.329345703125000
967.439392089843750
966.014221191406250
965.043151855468750
965.843627929687500
967.078369140625000
966.655029296875000
966.210388183593750
966.231567382812500
967.197143554687500
966.589599609375000
966.520141601562500
966.133483886718750
966.694824218750000
966.692932128906250
966.306518554687500
966.102416992187500
965.417480468750000
966.301696777343750
966.922363281250000
966.596496582031250
966.414794921875000
966.246215820312500
965.927673339843750
966.080932617187500
966.770812988281250
966.437683105468750
965.713928222656250
966.180603027343750
967.210205078125000
966.923950195312500
966.366760253906250
965.869018554687500
966.404235839843750
967.211791992187500
966.641113281250000
966.012207031250000
966.396606445312500
966.865722656250000
966.660156250000000
966.731018066406250
967.007324218750000
968.232299804687500
967.613342285156250
966.526733398437500
966.636108398437500
967.512207031250000
967.716430664062500
967.808044433593750
967.961425781250000
967.808776855468750
967.719787597656250
967.487792968750000
967.708435058593750
968.086059570312500
968.187194824218750
967.979858398437500
967.337585449218750
966.926208496093750
967.781494140625000
967.511535644531250
967.105102539062500
967.014038085937500
966.889526367187500
966.685729980468750
966.288696289062500
965.809570312500000
966.519592285156250
966.391296386718750
965.376586914062500
965.533142089843750
965.497863769531250
966.157348632812500
966.030029296875000
964.237854003906250
964.681152343750000
965.600769042968750
965.163757324218750
964.505249023437500
964.384399414062500
964.184692382812500
964.566772460937500
964.427368164062500
963.842407226562500
963.504150390625000
963.217163085937500
962.595031738281250
961.999206542968750
962.544311523437500
963.773559570312500
963.530273437500000
962.727050781250000
962.272216796875000
962.965820312500000
963.006591796875000
963.242675781250000
962.961608886718750
964.572814941406250
964.209289550781250
963.399902343750000
962.700622558593750
963.037841796875000
964.769042968750000
964.638854980468750
964.794372558593750
965.197509765625000
965.085327148437500
964.969421386718750
964.250183105468750
964.529602050781250
965.918579101562500
966.224609375000000
966.663024902343750
965.836791992187500
965.684082031250000
966.717895507812500
966.860839843750000
966.848754882812500
967.639282226562500
967.673828125000000
968.061889648437500
967.069458007812500
966.728027343750000
967.401489257812500
967.615722656250000
968.238037109375000
968.059204101562500
967.626586914062500
967.871215820312500
967.445678710937500
967.731750488281250
967.290527343750000
967.539367675781250
968.006774902343750
967.301635742187500
966.651733398437500
967.189880371093750
967.203613281250000
967.041381835937500
966.322692871093750
965.976684570312500
966.602172851562500
965.915771484375000
964.918701171875000
964.853332519531250
964.762695312500000
964.971191406250000
964.144653320312500
963.768432617187500
963.878845214843750
962.711975097656250
962.511962890625000
962.002441406250000
962.623168945312500
961.937194824218750
961.884826660156250
961.698486328125000
962.055480957031250
962.455871582031250
961.953247070312500
961.708374023437500
961.072814941406250
961.706054687500000
962.110717773437500
961.615234375000000
960.978515625000000
962.125305175781250
961.840148925781250
962.242187500000000
962.315368652343750
962.270019531250000
962.355346679687500
962.147460937500000
963.048461914062500
963.836120605468750
964.149719238281250
962.959960937500000
962.981750488281250
964.101501464843750
964.986450195312500
964.967712402343750
964.779174804687500
965.036621093750000
965.640441894531250
965.938964843750000
966.055419921875000
965.801635742187500
966.619934082031250
966.511291503906250
966.157592773437500
966.570251464843750
966.914001464843750
967.359069824218750
966.865478515625000
966.946716308593750
966.474731445312500
967.085449218750000
967.402343750000000
967.410034179687500
966.627075195312500
966.038696289062500
966.145874023437500
967.003173828125000
966.571655273437500
966.472778320312500
965.574584960937500
965.249023437500000
965.304809570312500
965.525878906250000
965.461486816406250
964.423828125000000
965.613952636718750
965.757629394531250
965.703979492187500
964.539611816406250
964.153625488281250
963.976196289062500
964.503662109375000
964.507629394531250
964.813110351562500
964.921386718750000
964.539672851562500
963.770996093750000
963.248291015625000
962.969360351562500
963.862487792968750
964.174621582031250
963.999267578125000
964.570007324218750
964.120361328125000
963.625122070312500
963.620788574218750
963.376464843750000
963.782348632812500
963.975097656250000
963.448608398437500
963.686767578125000
963.943847656250000
964.481933593750000
964.818054199218750
965.036376953125000
964.979614257812500
964.823364257812500
964.862426757812500
964.533264160156250
964.763793945312500
964.914794921875000
966.432250976562500
966.649780273437500
965.876037597656250
965.988708496093750
965.915893554687500
965.531738281250000
965.698730468750000
965.716918945312500
966.440979003906250
966.176269531250000
966.069458007812500
965.534362792968750
966.251220703125000
966.345886230468750
966.501647949218750
965.817871093750000
965.990295410156250
966.396484375000000
965.380126953125000
965.543518066406250
966.129089355468750
966.628417968750000
966.887939453125000
966.664550781250000
966.258972167968750
966.108642578125000
965.044494628906250
964.871765136718750
966.365234375000000
967.227539062500000
967.113525390625000
965.913696289062500
966.113647460937500
965.984313964843750
965.671752929687500
965.410644531250000
965.560668945312500
965.808959960937500
966.175292968750000
965.557617187500000
965.131347656250000
965.737670898437500
966.236572265625000
966.315368652343750
965.865112304687500
965.546325683593750
966.969299316406250
966.775146484375000
965.932495117187500
965.574340820312500
966.120056152343750
966.387023925781250
966.810546875000000
966.779968261718750
966.814392089843750
967.050109863281250
966.128173828125000
966.028808593750000
966.633972167968750
967.013732910156250
966.524230957031250
966.037231445312500
965.544067382812500
966.644409179687500
967.150085449218750
966.942138671875000
966.173400878906250
965.666748046875000
966.552368164062500
966.446655273437500
965.704345703125000
965.997436523437500
966.195373535156250
966.252014160156250
966.015197753906250
965.788330078125000
966.350158691406250
965.819152832031250
964.778198242187500
964.215209960937500
963.914428710937500
965.132202148437500
964.507446289062500
964.838500976562500
965.654846191406250
965.074768066406250
963.790588378906250
963.415039062500000
963.854919433593750
964.453735351562500
964.458862304687500
963.987792968750000
964.340759277343750
964.316894531250000
964.346313476562500
964.454284667968750
964.955932617187500
965.808593750000000
966.235534667968750
965.295288085937500
965.761474609375000
965.459716796875000
965.702575683593750
965.422363281250000
966.395629882812500
967.373168945312500
968.156860351562500
967.863403320312500
967.589843750000000
966.704345703125000
967.398437500000000
968.170166015625000
967.978332519531250
967.275878906250000
968.010131835937500
967.663696289062500
968.027893066406250
967.440307617187500
967.839660644531250
968.267211914062500
967.629699707031250
967.462402343750000
966.998535156250000
967.328491210937500
966.414733886718750
966.775878906250000
967.429565429687500
967.007080078125000
966.885986328125000
965.647521972656250
965.608764648437500
966.213134765625000
965.466491699218750
964.758911132812500
964.644165039062500
965.036560058593750
965.216857910156250
964.115112304687500
964.741210937500000
964.609375000000000
964.879333496093750
964.830749511718750
964.167663574218750
964.264648437500000
964.175048828125000
964.192932128906250
964.102111816406250
964.414672851562500
964.661926269531250
964.315979003906250
964.867370605468750
964.302246093750000
963.985290527343750
964.262939453125000
964.392578125000000
964.389038085937500
964.549560546875000
964.555053710937500
964.392089843750000
964.598754882812500
965.024353027343750
965.426879882812500
964.678588867187500
963.906311035156250
964.479797363281250
965.334716796875000
965.011657714843750
964.633544921875000
964.557373046875000
965.164794921875000
965.832763671875000
965.289428710937500
964.705505371093750
965.383117675781250
965.795410156250000
966.020202636718750
965.107604980468750
964.845825195312500
965.101074218750000
966.072448730468750
965.680969238281250
965.823364257812500
966.116638183593750
965.951354980468750
965.307128906250000
964.560363769531250
965.033935546875000
965.387451171875000
965.465820312500000
965.691406250000000
965.617187500000000
966.141357421875000
966.689086914062500
965.274047851562500
965.383728027343750
965.698486328125000
965.422607421875000
966.581542968750000
966.303222656250000
967.022338867187500
966.635864257812500
966.061767578125000
966.594299316406250
966.168457031250000
966.017089843750000
965.632934570312500
966.213806152343750
966.970886230468750
967.584838867187500
966.566894531250000
965.102050781250000
964.968017578125000
966.129882812500000
967.062622070312500
966.281188964843750
965.822875976562500
965.423034667968750
965.193969726562500
965.628051757812500
965.938537597656250
965.027709960937500
965.343444824218750
965.450744628906250
965.022338867187500
964.227050781250000
964.471801757812500
964.411926269531250
964.614013671875000
963.835754394531250
963.756103515625000
964.134277343750000
963.652282714843750
963.890563964843750
963.190063476562500
963.576354980468750
963.265808105468750
963.592102050781250
962.747375488281250
963.281127929687500
963.239257812500000
963.732666015625000
963.772338867187500
963.972900390625000
963.355407714843750
962.967834472656250
963.791625976562500
963.743774414062500
963.468444824218750
963.263061523437500
963.515625000000000
964.004272460937500
964.730773925781250
964.675598144531250
963.693908691406250
964.510131835937500
964.533691406250000
964.731933593750000
964.438415527343750
965.156066894531250
965.481811523437500
964.692626953125000
965.308898925781250
965.674987792968750
966.151123046875000
965.701416015625000
964.646118164062500
965.294067382812500
965.772888183593750
965.784729003906250
965.853027343750000
965.937622070312500
966.028930664062500
965.744750976562500
965.215454101562500
965.317993164062500
965.670837402343750
965.970581054687500
966.466796875000000
966.740966796875000
967.070190429687500
965.836730957031250
964.767822265625000
964.759094238281250
965.265136718750000
965.859313964843750
965.868103027343750
965.393005371093750
965.180541992187500
964.941528320312500
964.813964843750000
964.765991210937500
964.212280273437500
964.822204589843750
964.457336425781250
964.362121582031250
964.235839843750000
963.247802734375000
963.533874511718750
964.296264648437500
964.438476562500000
964.930969238281250
964.289978027343750
963.248046875000000
963.313232421875000
963.943786621093750
963.769531250000000
963.741943359375000
963.440185546875000
963.786865234375000
964.516235351562500
964.338928222656250
963.450195312500000
961.673461914062500
962.706848144531250
963.988403320312500
964.284545898437500
963.388305664062500
962.738708496093750
963.618530273437500
963.931518554687500
963.716918945312500
963.749511718750000
964.641906738281250
964.940429687500000
964.390319824218750
964.095153808593750
963.355712890625000
964.750427246093750
964.378112792968750
964.477600097656250
965.333190917968750
965.805603027343750
965.452026367187500
964.287353515625000
963.877197265625000
963.725952148437500
964.796630859375000
964.807128906250000
964.909362792968750
965.515747070312500
965.580078125000000
965.157409667968750
964.531799316406250
964.614379882812500
965.971252441406250
966.270996093750000
964.486694335937500
964.687622070312500
965.375793457031250
965.690490722656250
964.487731933593750
964.863769531250000
965.542236328125000
965.622436523437500
964.784362792968750
964.549560546875000
964.244628906250000
964.490966796875000
963.741699218750000
963.074890136718750
964.938598632812500
965.544067382812500
965.389465332031250
963.156738281250000
963.978759765625000
964.491455078125000
964.134582519531250
964.005737304687500
964.146240234375000
964.856079101562500
964.309387207031250
964.170654296875000
963.999572753906250
964.340759277343750
964.652465820312500
964.257629394531250
963.756958007812500
963.513732910156250
963.900390625000000
963.616943359375000
962.368896484375000
963.648254394531250
964.632019042968750
964.860046386718750
964.029846191406250
963.220336914062500
963.500793457031250
963.759338378906250
962.788208007812500
962.997741699218750
963.807250976562500
964.159484863281250
963.858093261718750
963.285583496093750
962.722595214843750
963.578796386718750
963.202209472656250
962.873474121093750
962.310607910156250
961.582031250000000
961.633239746093750
961.074340820312500
962.154418945312500
962.342895507812500
962.516052246093750
961.772216796875000
961.703735351562500
961.401550292968750
960.397155761718750
961.763549804687500
961.385803222656250
962.669799804687500
961.741882324218750
961.586120605468750
962.213684082031250
963.029052734375000
962.802734375000000
962.944946289062500
962.714843750000000
963.064453125000000
963.633422851562500
963.417358398437500
962.316955566406250
962.293273925781250
963.758422851562500
964.291381835937500
965.058166503906250
964.496337890625000
964.207336425781250
964.019653320312500
963.915832519531250
964.057250976562500
964.980834960937500
965.559020996093750
965.183227539062500
964.412109375000000
964.571899414062500
964.682128906250000
965.637756347656250
964.762451171875000
963.780517578125000
964.421264648437500
964.409423828125000
963.961791992187500
963.844543457031250
963.921142578125000
964.412536621093750
964.147827148437500
963.859375000000000
963.066650390625000
962.449157714843750
962.507568359375000
962.061157226562500
962.941650390625000
963.091186523437500
963.210327148437500
962.089965820312500
961.688720703125000
962.375915527343750
962.525573730468750
962.101684570312500
961.926025390625000
962.015258789062500
962.148071289062500
962.132812500000000
961.685180664062500
962.223999023437500
962.579284667968750
962.358276367187500
962.653076171875000
962.063476562500000
962.344970703125000
962.227600097656250
961.834838867187500
962.846191406250000
963.545776367187500
963.141235351562500
962.932434082031250
962.192871093750000
962.917602539062500
963.997314453125000
963.795288085937500
962.986755371093750
963.627502441406250
964.016540527343750
964.324218750000000
964.114196777343750
964.432128906250000
964.347595214843750
964.854003906250000
964.395202636718750
964.686096191406250
964.925964355468750
964.765136718750000
964.891113281250000
965.078735351562500
966.395751953125000
966.299804687500000
966.229919433593750
965.034484863281250
965.145751953125000
965.755981445312500
965.796203613281250
965.498596191406250
966.026611328125000
965.271728515625000
964.989318847656250
964.568969726562500
964.629760742187500
965.330261230468750
964.897705078125000
963.925842285156250
963.846618652343750
964.227600097656250
964.699951171875000
963.732849121093750
963.443725585937500
965.025756835937500
965.222045898437500
964.820495605468750
964.227050781250000
963.520141601562500
964.853637695312500
965.616455078125000
965.926696777343750
964.316833496093750
964.578735351562500
964.486694335937500
964.508300781250000
965.607055664062500
966.927001953125000
966.626770019531250
966.036621093750000
965.729370117187500
965.545898437500000
966.585510253906250
966.847900390625000
966.191833496093750
967.095397949218750
967.987365722656250
967.442810058593750
967.495117187500000
966.258056640625000
967.628051757812500
968.236450195312500
968.235778808593750
968.597290039062500
968.088134765625000
967.975708007812500
966.848632812500000
966.097167968750000
967.275634765625000
967.953613281250000
967.611572265625000
966.949462890625000
965.970214843750000
966.288452148437500
966.184570312500000
965.837036132812500
965.661743164062500
966.694274902343750
965.890319824218750
964.888549804687500
963.793212890625000
964.521240234375000
965.798339843750000
965.832031250000000
965.152038574218750
964.762023925781250
963.799743652343750
964.086120605468750
963.949951171875000
963.870605468750000
963.864685058593750
964.586425781250000
964.329406738281250
963.207031250000000
963.614013671875000
963.463500976562500
964.789550781250000
964.883972167968750
964.853149414062500
964.538452148437500
964.382080078125000
964.460937500000000
964.718566894531250
964.534545898437500
965.300354003906250
965.851928710937500
965.629394531250000
966.185485839843750
965.411926269531250
964.660644531250000
964.547851562500000
965.560363769531250
966.034545898437500
965.331970214843750
965.755615234375000
965.437744140625000
966.047851562500000
964.870483398437500
964.940856933593750
966.422119140625000
966.670898437500000
965.638488769531250
964.444641113281250
964.955444335937500
965.462768554687500
966.390991210937500
965.948181152343750
965.341125488281250
964.893859863281250
964.083862304687500
963.156616210937500
963.915771484375000
964.967590332031250
964.767395019531250
963.678466796875000
962.742675781250000
962.992309570312500
963.651000976562500
963.234924316406250
963.742553710937500
964.189819335937500
963.667114257812500
962.921813964843750
962.660034179687500
962.976379394531250
964.449218750000000
964.950195312500000
965.280883789062500
964.980041503906250
965.007324218750000
964.303344726562500
963.509704589843750
964.135742187500000
965.115966796875000
966.156494140625000
966.662536621093750
964.739807128906250
964.337524414062500
964.787109375000000
965.213867187500000
965.042297363281250
965.624267578125000
965.799072265625000
965.028137207031250
964.303405761718750
964.888732910156250
964.839721679687500
965.761230468750000
965.946777343750000
965.609619140625000
965.572021484375000
964.521057128906250
964.185607910156250
963.699340820312500
964.465332031250000
964.994262695312500
964.823730468750000
963.516052246093750
963.341186523437500
963.414062500000000
964.105834960937500
963.739013671875000
963.348083496093750
964.049926757812500
963.329956054687500
962.870788574218750
962.137084960937500
962.264587402343750
963.130249023437500
963.391357421875000
963.027221679687500
963.670471191406250
963.462951660156250
962.023559570312500
961.896789550781250
962.029663085937500
962.730773925781250
963.625854492187500
963.163024902343750
962.682373046875000
962.778991699218750
962.158935546875000
962.729370117187500
963.317626953125000
964.286376953125000
964.066101074218750
963.602600097656250
964.138427734375000
964.209594726562500
965.183532714843750
966.215820312500000
965.971801757812500
966.062255859375000
965.860717773437500
966.089477539062500
965.553222656250000
965.467773437500000
965.445251464843750
966.058959960937500
966.539306640625000
966.387390136718750
966.365600585937500
965.958496093750000
965.082763671875000
964.726684570312500
965.648437500000000
965.792358398437500
966.119140625000000
966.091735839843750
965.879211425781250
965.143188476562500
965.064270019531250
964.942321777343750
965.681762695312500
966.194580078125000
965.680541992187500
964.317260742187500
964.210021972656250
964.478881835937500
964.734130859375000
964.880493164062500
964.163818359375000
963.607482910156250
964.106933593750000
963.857604980468750
963.525634765625000
963.074829101562500
963.107666015625000
964.025634765625000
963.840759277343750
963.229736328125000
963.467163085937500
963.497863769531250
963.343750000000000
963.002380371093750
963.856933593750000
963.941040039062500
963.840087890625000
963.179138183593750
962.749511718750000
963.506835937500000
964.037658691406250
964.280883789062500
963.821289062500000
964.140197753906250
964.594848632812500
963.541137695312500
964.830688476562500
964.508483886718750
964.658325195312500
964.900756835937500
964.146362304687500
965.547180175781250
965.520202636718750
964.918884277343750
964.172241210937500
964.996337890625000
966.116821289062500
965.669006347656250
965.007934570312500
965.170471191406250
965.468505859375000
965.277282714843750
965.215148925781250
964.807678222656250
965.425476074218750
965.711242675781250
965.190002441406250
965.262573242187500
965.463134765625000
965.512878417968750
965.652893066406250
965.058898925781250
965.422119140625000
966.448242187500000
965.990356445312500
965.380859375000000
965.328186035156250
965.968505859375000
966.143432617187500
965.350280761718750
965.052551269531250
965.698181152343750
965.404602050781250
964.897460937500000
964.595947265625000
964.690979003906250
965.059570312500000
964.544067382812500
963.781311035156250
963.643371582031250
963.601989746093750
963.878234863281250
963.316467285156250
963.043457031250000
963.621520996093750
963.505676269531250
963.440551757812500
962.604736328125000
962.418884277343750
962.669677734375000
961.836120605468750
962.103149414062500
961.824584960937500
961.998901367187500
961.489929199218750
961.285339355468750
962.011596679687500
962.272094726562500
961.556030273437500
960.873168945312500
961.590087890625000
961.719604492187500
961.380615234375000
960.928894042968750
961.380371093750000
963.081054687500000
963.023620605468750
962.473327636718750
962.389282226562500
963.570007324218750
964.245361328125000
963.179565429687500
962.822875976562500
963.372192382812500
964.774902343750000
964.782592773437500
964.596923828125000
964.676879882812500
965.224487304687500
965.105346679687500
964.752929687500000
964.673889160156250
965.079223632812500
964.926330566406250
965.843200683593750
965.734741210937500
966.097839355468750
966.913696289062500
965.938232421875000
964.909851074218750
965.807495117187500
965.830017089843750
966.409301757812500
966.296630859375000
966.002197265625000
966.077636718750000
965.703430175781250
965.737548828125000
965.662719726562500
966.212219238281250
965.744873046875000
965.103271484375000
964.486511230468750
964.540832519531250
966.081665039062500
965.343322753906250
965.207458496093750
964.737060546875000
965.132568359375000
964.801818847656250
963.866027832031250
964.192138671875000
964.929382324218750
964.863403320312500
964.627075195312500
963.864257812500000
964.175292968750000
963.757080078125000
963.551574707031250
963.832336425781250
964.789428710937500
965.088989257812500
963.631408691406250
962.931274414062500
962.572753906250000
963.960754394531250
963.879760742187500
963.341186523437500
962.944763183593750
963.608764648437500
964.443847656250000
963.054321289062500
963.420166015625000
963.406066894531250
965.388122558593750
965.106201171875000
964.719726562500000
964.385375976562500
963.511108398437500
963.327758789062500
963.520751953125000
964.508911132812500
964.910217285156250
965.203857421875000
964.244873046875000
963.782714843750000
963.993286132812500
964.064636230468750
963.806640625000000
963.796020507812500
964.106750488281250
964.794494628906250
965.038574218750000
964.100280761718750
963.981872558593750
964.762207031250000
965.364868164062500
964.811706542968750
965.485351562500000
964.313720703125000
964.090515136718750
964.746215820312500
964.996337890625000
965.035583496093750
965.063476562500000
964.933837890625000
965.245361328125000
965.047973632812500
964.761169433593750
964.478149414062500
964.305786132812500
963.821105957031250
964.851501464843750
965.362304687500000
964.654296875000000
964.293151855468750
964.494445800781250
965.286132812500000
965.417968750000000
965.349792480468750
965.222351074218750
964.177673339843750
964.146362304687500
964.663146972656250
965.036132812500000
965.064636230468750
963.879272460937500
964.557250976562500
965.233886718750000
965.387145996093750
964.847717285156250
964.192138671875000
965.245605468750000
965.520080566406250
965.423706054687500
964.636474609375000
965.852539062500000
966.392517089843750
966.266174316406250
965.984008789062500
965.909912109375000
966.236450195312500
966.080200195312500
965.773803710937500
965.690429687500000
966.494201660156250
966.175415039062500
966.080932617187500
965.045471191406250
965.394775390625000
965.818237304687500
965.932800292968750
964.811767578125000
964.750549316406250
965.871276855468750
966.285461425781250
965.643127441406250
965.599060058593750
965.163146972656250
965.695251464843750
965.189819335937500
964.825439453125000
965.354858398437500
965.618408203125000
964.678710937500000
964.217163085937500
964.914489746093750
965.205688476562500
965.489135742187500
964.347900390625000
964.331604003906250
964.312744140625000
963.845336914062500
963.401550292968750
963.190734863281250
964.104003906250000
964.418029785156250
964.402954101562500
964.299926757812500
964.702819824218750
964.722778320312500
964.312377929687500
963.737243652343750
964.057128906250000
965.127685546875000
964.919311523437500
964.351501464843750
964.112609863281250
964.081909179687500
965.123046875000000
965.203552246093750
965.190002441406250
964.824462890625000
964.548034667968750
964.171936035156250
963.824829101562500
964.352661132812500
965.012145996093750
964.471252441406250
964.496093750000000
965.444946289062500
964.374755859375000
964.466552734375000
964.297546386718750
964.745483398437500
965.299865722656250
964.433349609375000
963.829589843750000
964.607727050781250
964.656005859375000
964.772399902343750
964.268066406250000
963.515869140625000
964.009887695312500
963.868164062500000
963.662780761718750
963.195434570312500
963.674865722656250
963.724914550781250
964.235351562500000
964.676269531250000
963.726440429687500
963.615539550781250
963.259765625000000
963.123474121093750
963.948242187500000
964.880554199218750
964.598632812500000
964.705444335937500
964.454589843750000
964.207519531250000
964.228271484375000
964.404174804687500
964.821472167968750
964.546508789062500
963.955200195312500
964.689086914062500
963.623535156250000
964.906311035156250
964.681091308593750
965.663452148437500
965.665039062500000
965.313537597656250
966.289245605468750
966.180725097656250
965.347045898437500
965.276184082031250
966.196655273437500
967.359619140625000
967.066040039062500
966.576904296875000
966.543151855468750
966.845153808593750
967.039367675781250
966.973876953125000
967.022094726562500
967.407531738281250
967.196044921875000
967.105957031250000
966.304199218750000
966.514404296875000
967.624755859375000
967.396972656250000
967.297363281250000
966.608764648437500
966.589355468750000
966.988098144531250
967.209350585937500
