-0.8711873225498716
-0.8544746363918581
-0.6907671225713485
-0.4617884798617058
0.38275276858943763
0.9682271998164922
-0.5896271278688214
0.86879839221244
0.5678657842426638
-0.8706397665576218
-0.6789598164898443
-0.8742725778576681
0.11692074832793442
-0.509880596184138
0.4471159924481476
-0.12928309592715803
0.21488123605096154
0.19072633230589098
0.15587787598210312
-0.10504007659673231
0.877461309896683
0.6090900962974735
0.2548308951695972
6.102792857774886e-2
0.5398039240266606
-0.41129994794323266
0.5769011697634603
2.223158934609093e-2
-0.26307473140418347
0.9954439008176921
-7.863437160249531e-2
-0.1701508769459672
0.9712272446482992
-0.5447390758858326
0.9173384842246659
0.5209775483329515
-0.5674920933415373
-1.510651099163618e-2
-0.804478507277834
0.9979904026127786
-0.9452565097967285
-0.6194506609625154
-0.4377738708487826
-0.24411200096249863
-0.6729517627794952
0.7863347550125284
0.27150231958741355
-0.27446369425576567
1.5078332133169337e-3
-0.9346587229422627
-0.9429451960550721
0.49379026016950034
-0.30458890090051804
5.875796351922857e-2
-0.12448890307826654
0.3379652694254094
0.3221224330069612
0.947107278663162
-0.9986787326688344
0.2941248973745414
-0.2765700593721445
-2.3756975011983483e-2
0.8670145317053475
5.6168134753391996e-2
0.3602474144384078
-0.3834854972776134
-0.8110447054952079
-0.9559931303823404
-0.23732571601973973
0.6212700702993434
-0.19127327964276097
-0.16395209165320868
-0.9859746582300004
-0.529444599566617
0.4866553303376109
-0.9892038734734621
-0.6953474873190535
0.49537519518688966
0.17282615748627483
-0.15037138976684417
0.6781652152800277
-0.4356272493398259
0.2893480530760284
-0.8208802040069589
-0.4128811930313161
0.96068093107325
1.796744663888683e-2
-0.6755394699826127
0.2064852083723958
-0.7452835638959561
0.9098484520320891
0.4373236563001237
0.968634082793457
0.9722905913351332
0.370270582954235
0.5283554058666566
0.8223689075399836
0.8228182477789856
-0.580284105045985
0.5762993811811616
-0.6532065452789326
0.38013912891825896
-0.4707969164114134
0.8143392657181696
-0.8868580076903265
0.8534993092431344
0.27030602799053294
-0.41287406096513335
0.7976433992172791
-0.6607462462009985
-0.16861662398667288
0.5546917219470573
0.6657813102588082
0.37949286439810925
8.210258243520907e-2
0.6939099448754396
-0.41971977834486696
-0.3893445995710241
0.3055147894470198
-0.21133072845887124
-0.34766136813189163
-0.12280428018585288
-0.4587457254672549
0.45113744358378494
0.6936793813220716
-0.8540460819992204
-0.6332241617160173
0.3053818809350055
0.3845816566148794
-0.8236057854198415
-5.068174676039128e-2
0.46898521368154644
-0.5080160120390869
0.6958111477941229
-0.47171606125742627
-4.500873948325412e-2
0.7890855498135307
-0.4252817853938293
-0.1555878373597268
-0.6797070249385109
-0.6946349716125697
-0.3806806777351994
0.2531885117364918
-0.4862948503844233
4.083683278739625e-2
0.8946864312187883
0.10928907526776555
0.9018478301390034
-0.282558625144649
-0.3966498564441847
-0.6360260822719475
0.9249743098439427
-0.41108053926434707
-0.49514551530881
0.3346641918062936
0.4802599769693616
0.39728040160350986
-0.829740239323836
-0.7409708903641401
0.4102099922865501
0.5549075387354636
0.3989015867597887
-0.14487227215371234
0.46146405525945333
-0.9060997609027757
-0.7081768514136557
-0.87188066219877
0.3579952686228589
0.2571260304861307
9.963089764195665e-2
-0.2208324466491216
0.3216846979012258
-0.7278694083814434
-0.5352900266361174
-0.5554536990122432
-0.15807990271258143
-0.9223555430389447
-0.3083371809548172
0.6403226888332596
-1.5154918346578228e-2
-0.29797314381802886
0.240130499277333
-0.5034369348988608
0.9031555586026658
-0.466449946565602
0.9099916048415102
-0.7078073454020966
0.4781675031596644
0.6856340393126217
-0.12479375240318347
-3.267074149452931e-3
3.683118483103809e-2
0.21513442087579304
-0.5664312957892215
-0.585381337073996
-0.8996901913121547
0.8317764751889272
0.8070846430903171
0.683091793845122
-0.4414906103571632
-0.5576744731814691
0.18047482679428528
0.10016809893670753
0.43164228506579594
8.991849469128188e-2
-0.2895880793950454
0.6814643320082654
-0.27580658994887863
0.11386732295557112
-8.346541888419012e-2
-0.9674557116768958
-0.7663250898602083
-0.22424132965248522
0.46751460598400674
-0.514447561209523
-8.867440706962504e-2
0.22650138867875214
-0.1832810769618507
0.772482697053924
0.16886638667722886
0.48875298427397285
-0.3265253048443195
-0.5634542994887692
-0.812657258252184
-0.5063551593069431
0.146039796623034
0.9401349104332826
0.5047413358663357
0.2871892138864762
0.8324547316196538
0.5359444905346957
-0.9633978600364828
0.8744639997793344
-0.8377137920116753
-0.9912829068084938
0.40235788877436685
0.19033139406379096
0.9741359928493669
-0.49926809074733347
0.2799346567983705
-0.5162736113240525
7.312610208802472e-2
-0.46764360894988144
-0.18010681513133586
0.4632815779373274
7.481779959712642e-2
0.7157622223499862
-0.8542689972413016
-0.8680253553197808
0.7048262526279483
0.9813574956875073
-0.8484222433601887
-0.7971945386922792
-0.3931678404048551
0.19365951521621105
-0.5189391971645212
0.9675676815207175
0.5093699480864533
3.4394929204423e-2
-0.7726093857638665
0.26746637692773434
-0.5064187049273239
0.24264906373439588
-0.12048231743818127
0.740716636894907
0.1436539709901008
0.22104332447210506
-0.7417144217223501
0.571562569773665
0.6209062364228475
-0.6326944392195686
-0.6443217951298124
-0.7319372872969707
0.9463909964589685
-0.8172122683565173
-6.866853439144172e-2
0.34416079939134137
-0.6887518716468177
-0.714330230666669
0.10721485500528738
-0.47053084462214034
0.6533977029709672
-0.8891751912675114
-0.7761073968100651
0.48999280734761697
-0.9169259245370673
0.13691542136224055
-0.7075439923853168
0.874753895115705
0.2601873741183265
-0.11321266820366604
-0.3694224920657052
-9.264429900620952e-2
0.34270976817795207
-0.8662883571226354
-0.3127569043208478
-0.6704755250056225
-0.4720695291195942
0.5016866155397115
-8.734755875574973e-2
6.421108237503015e-2
0.5893112100476807
0.6423373919515429
-0.9848468413408198
-0.7320429233576635
0.32372503907504346
-0.636809006670211
0.8521793717186918
0.9496775709174898
0.3959640345239299
0.5478340561288764
-0.8732468192250249
0.34380544247679423
-0.7601295197215394
-0.4631008542715249
0.45462027912810465
0.5179927449054191
0.9416725483738331
0.4334740296194943
-0.6832318401867719
0.13811020439104627
-0.5824734138447858
-0.7847138504028535
0.726417876839555
0.5108865525975932
-0.7492127065260203
-0.3730823502257188
-0.2601360357068385
-0.5970032429252496
0.8735659966619804
0.46101055040625516
0.34494421305842615
-0.7110652321066349
2.364176702058063e-2
-0.8169169174063922
-0.8604966729162318
-0.6050879061951979
-0.7035794086944496
0.1685619804541143
-0.18761869675842635
0.9096401620513503
-0.45422103100096267
-0.340037581705674
-0.11397412415033892
0.8684917315465872
0.2721503698160286
-0.7859603974662652
-0.45084897329497475
-0.15016510507553504
-0.1616289107960145
0.5361121812634835
-0.7387429760228448
-0.9537453394355666
0.5465442347682659
0.15655134967908246
-0.7768353081802237
0.37254072269004235
9.971366610231103e-2
0.8066712723255292
-0.6948609153055181
-0.8447354227408641
0.15495587554954926
-0.6623856226641116
-0.8810668906660872
0.44786844034617856
-0.19155920250154734
0.8308089581150988
-0.2448652803662621
0.738758463903737
-0.704853463319211
-0.5018686500492635
0.9213101801026256
-0.9490991902667323
-0.32310166677277086
-0.8996446022764968
0.6365120118845853
-0.41385540049113345
-0.9202718543361048
0.12279274162181353
-0.8989472506436931
0.8220487423399203
0.522123832819589
0.1280016942304547
-9.841942939436854e-2
0.15466421465199498
0.7339372344589676
0.9688626847468202
0.41328584007965796
0.785590717706683
0.4205206825919876
-0.6306257127970818
-0.39314653469308003
-0.5774452803099632
0.5072124019025637
0.374350364258176
-0.21184850944927613
0.5931440994121875
0.34594811514893165
-0.696265885919042
1.5830732221827626e-2
0.42753533377263
-0.3736215171652788
0.32663038788088494
-0.17560973978287642
-0.958411790441805
0.6158083719497416
0.15354496345998636
-0.8431366558059472
-7.59976214496112e-2
0.9709978780623516
-0.26648647553626037
-0.8573494595301252
0.8515016724053972
-0.5796820736191277
-0.6701678709469541
-0.33833367705262174
0.674887189309888
-0.6684200670143119
-0.23947180144963576
-0.6746302451637411
0.2580350833957854
-0.2683452651272735
-4.7701250134183804e-2
-6.255159042290237e-2
0.7554696664219951
7.97307969627874e-2
0.7223322319529384
0.25855343249573437
0.827158202811024
5.3052066792134145e-2
0.301496896533721
-0.8482177445729475
-0.1973471611664881
-0.672197484771967
-0.47845975202021096
-0.6676024217322296
0.38056437366541207
0.33160227028906775
0.11497687560815417
-0.8113692072978296
0.9911340442604386
0.6538833145076675
-0.4140279579007504
0.822933602263006
0.3279993820431537
0.8015200143195846
0.7124299861951116
-0.318885899364332
-0.7224441115645421
0.1502140151740572
0.5609972550351627
-0.3430901887956117
0.991267763411346
0.9713289091324655
0.43680559468283553
0.6252266668120021
-0.44266779686359725
-6.716533915026068e-2
-0.5190826448569728
-0.12218870705208507
3.9130455208004955e-2
-0.4745373368953456
0.20909269906277794
0.8269569662675369
-0.9404970707249549
0.29605489127241635
0.2532201240087115
-0.9629899899308152
0.6143140154590268
0.9651008643872936
-0.3941764449976215
-0.8665669044592019
-0.11488721039554406
0.9936662892402917
-0.131855832991854
0.32894914264309816
-0.16662994614075854
-6.868962986902516e-2
0.43200232180215226
-0.8481101712289398
-0.939263624591534
-0.8621781616015058
0.373526542617312
-2.411975529409549e-2
-0.885308729467174
-0.7599329113560274
-0.3027193621965587
-0.7201349049525752
0.23016177315394093
-0.838438684440918
-3.0368101932993774e-3
0.2298126072689326
-0.9586150802269142
-0.730055923652172
-0.9065698726840306
-0.8832341264182726
-0.6714983380710233
0.9900956574789013
-0.45655717834267606
0.5606599627544973
-0.45718484707138707
0.5000844863645493
0.5513630571179118
0.31880654167484646
-0.35242842110825756
0.22823525759649188
-0.9696241925856981
0.5833994284041988
-0.17055969831242113
0.5184731613297793
-0.751030808282716
0.9594455049930319
0.5328844362951393
-0.2649276460215999
0.6115032620739234
-0.7134643913157344
-0.9029422550339341
-0.6327924582150581
-0.6281508499853727
-0.8736618251489459
-0.3492073401374538
0.4215925859077079
0.24892164188978017
4.579404645077001e-2
0.42754691546634427
-0.891905423791687
0.789682323531725
0.5983956770527856
0.9978254189491165
0.5270373364639835
5.915972121951274e-2
0.8129222329923713
0.26482957530737505
9.031251536836238e-2
-0.8629135552347638
6.726253736778598e-2
-0.5168106582487049
0.34549838037312086
0.10134665438521506
0.48474226263052933
-0.42687101045329845
0.5343183612070206
-0.7046990422405073
-0.5755045666124505
-1.3920256978263046e-2
-0.10971776254809984
1.7231833001537078e-2
-0.17372267353678295
-0.8344404513176649
0.43463340978715537
-0.33121496436956877
-0.5899606414657665
0.6523282782510011
-0.16527545466893057
-0.1846121238392806
-0.7209247757806141
-0.5124811063086314
0.46360105364553283
-0.10001828253591327
0.15215018989129625
-0.8721106422550653
0.6707092686248168
0.8721650627406443
-0.1315215791754636
-0.5938532789264237
-0.7594840253413964
0.5549843184026122
-2.7348422592403887e-2
-0.31509584638697863
-0.2666633282243547
-0.9199457513732698
0.4705282329778653
-0.6362720379719795
0.12084922770683493
-0.5460204083673672
0.9459437676566267
-0.2512906436933622
-1.0564937207221403e-2
-0.308908176242884
0.648522898033969
0.715445819908656
0.5781546277018976
-0.2474174942031513
0.13422766100255235
-0.19143392972086382
0.3205756301955742
0.16493718459740836
0.6706312577807836
-0.33624006619859825
-0.4756069404644836
0.6722053147845715
-0.4260106617768422
-0.8649586781056615
0.9110721281695662
0.5266784096198178
0.8113935519253874
-0.46677824866033313
-0.747934800338451
-0.3984702256610251
0.4477355828717644
