-1.560505595316147e-4
-1.5790813612649797e-3
-7.853400854422278e-3
-2.5890410149953177e-2
-6.415654354490051e-2
-0.12775481858259452
-0.2123638511697421
-0.3012283400527263
-0.36830963324670174
-0.38652260662422505
-0.3380575064633749
-0.22397115247260424
-6.874737072861628e-2
8.44745452024542e-2
0.1877253029416879
0.20560436827382034
0.1290257017516354
-2.023083664231757e-2
-0.19592333661784228
-0.34227905400849096
-0.4121010342163309
-0.38142782953538007
-0.2554650025688507
-6.48669143483281e-2
0.1446821358569263
0.3258108153254256
0.44212198222827964
0.4768201435385435
0.4352501399604286
0.3410484243261974
0.22766148784786602
0.12834875690880646
6.723128001281259e-2
5.358406378257763e-2
8.124073108356325e-2
0.13302658921434135
0.18826668781681888
0.23004750500188897
0.2488694618882476
0.24233029349681043
0.21327733974609084
0.1679139432983298
0.11320791614879011
5.3853415264735915e-2
-9.06540368656992e-3
-7.662661108654581e-2
-0.14860849884800947
-0.21966171211578417
-0.2779450740474182
-0.3084685321228102
-0.30018375121790825
-0.25315117984802665
-0.1812275576055282
-0.1077601007975854
-5.652750804533274e-2
-4.274979735516386e-2
-6.756760654239229e-2
-0.11723367552199529
-0.16715277024883135
-0.19035712962027276
-0.16828358899960982
-9.911833709443224e-2
7.485433262169926e-4
0.10309683252710275
0.17919485698667464
0.2106866571193238
0.19500858122186823
0.14334849328905622
7.299170404259778e-2
-9.993652276818667e-4
-6.979716998762703e-2
-0.12962681761347228
-0.17879867194675925
-0.21643814191511201
-0.24309469525236274
-0.26099106652264975
-0.2729998962871903
-0.2817711333804552
-0.289249028334026
-0.2953192547477798
-0.2963454727360385
-0.28556529846532347
-0.25568557012832743
-0.2027374319925533
-0.12983024728391968
-4.8814515002605564e-2
2.2378336071763656e-2
6.658042119481368e-2
7.42543769570025e-2
4.626063533954128e-2
-7.561930595170338e-3
-7.166151727988011e-2
-0.1279118116866454
-0.1581700569389497
-0.1469807355463597
-8.500921959796993e-2
2.7355810857893126e-2
0.17821872229906058
0.3459011126061361
0.5033625981918695
0.6233798170728676
0.6837080259122243
0.6718311381101618
0.5883153094786626
0.44770525326618604
0.27608758110302967
0.10545557585137116
-3.33670920347357e-2
-0.11745159071806881
-0.13691554458800878
-9.713016650342102e-2
-1.7189243919170698e-2
7.560231553301161e-2
0.15466673792417296
0.20325146375090358
0.21914136053161126
0.21311388913971005
0.20237810785067994
0.20167864288181753
0.21597259582167416
0.23826402693579968
0.25295463458674716
0.24240113700820806
0.19416451076186494
0.10701205068202055
-6.107167970602101e-3
-0.12040040475530302
-0.20776959692518912
-0.24761916645826512
-0.2338009148318538
-0.17559606617399773
-9.425319908895594e-2
-1.6161718044599142e-2
3.590779092897915e-2
5.0212418892040284e-2
2.9078650137291946e-2
-1.3289619296047083e-2
-5.6678157272485596e-2
-8.18935899483738e-2
-7.742753044722026e-2
-4.4350082142050246e-2
2.6893081995003885e-3
3.978576071220977e-2
4.27897348507664e-2
-2.397205740968459e-3
-9.288164666973613e-2
-0.20773503681464514
-0.3128507925575841
-0.3707025967757248
-0.35282748521585633
-0.2513895052598482
-8.51798114387985e-2
0.10412132443017556
0.2652346491686983
0.35414716744736313
0.34785127851161474
0.25158735526203424
9.775990813993256e-2
-6.469084523768416e-2
-0.18788347936946628
-0.24175655556837403
-0.22186458293552255
-0.1462126074560457
-4.528291926675112e-2
4.937093551304148e-2
0.11394728617516729
0.13617384757666615
0.11436644202467731
5.488641879298367e-2
-2.9446613122907944e-2
-0.12062361521572557
-0.19844267600983537
-0.24542855494158028
-0.25205133584576955
-0.22053090196173109
-0.16546027454335366
-0.10993012463695175
-7.81798551230295e-2
-8.757552491459833e-2
-0.14207157457695804
-0.22904773586209498
-0.32197227119113175
-0.38916024405470556
-0.40501453799778137
-0.35880131951085004
-0.25772435231077334
-0.12391290893367504
1.2766124419816411e-2
0.12348442485080922
0.18872999795950973
0.20376503949500066
0.17869964447965342
0.13310140938398968
8.806890800348559e-2
5.872726764031595e-2
4.888058982052979e-2
4.959864130152893e-2
4.3740074492936126e-2
1.6053864630483024e-2
-3.62418283285499e-2
-9.962835761070635e-2
-0.15022830629414047
-0.16547920264339552
-0.13432504471148016
-6.131068578570186e-2
3.564868521977678e-2
0.13157819349111274
0.2024028360472701
0.23234110010346593
0.2182473873383001
0.16920754469784471
0.10151907817208917
3.1071635470642085e-2
-3.288808300691634e-2
-8.892705329970009e-2
-0.13986649641166185
-0.18808731564197875
-0.23237005553244877
-0.26686305718527525
-0.2820924112483573
-0.26763717903129297
-0.21593525313352133
-0.1266269087322488
-1.0255979903546823e-2
0.11065860621025764
0.2052645195875167
0.2434154589237576
0.2078988804528528
0.10447093956400523
-3.6263020832019495e-2
-0.16711582207110742
-0.2396417061518352
-0.22127388948153573
-0.10828232814087463
7.084240831916394e-2
0.26294822165768417
0.4063947015346003
0.4518712876589514
0.38104163921255574
0.2145629934492394
5.042420517327787e-3
-0.18213495625188064
-0.2919625549294816
-0.29818559908995806
-0.21068325684874828
-6.959990230340359e-2
7.125380293541476e-2
0.16478049648020668
0.1860787437450235
0.13720650341640636
4.2099612042569e-2
-6.311339566111071e-2
-0.14151125100525375
-0.16792700805019967
-0.13878172069720082
-7.333115858459346e-2
-4.957191239063196e-3
3.343295231101282e-2
2.3830968702614835e-2
-2.9003026919024358e-2
-0.10044685387843225
-0.15794303169356438
-0.17527305124329007
-0.14277419336624037
-7.00808358114588e-2
1.9016723289228356e-2
9.693194033194619e-2
0.14284494043809276
0.1488298580669235
0.12036212069943626
7.308570472463997e-2
2.7103909600063956e-2
-9.93305726465461e-4
-5.615881510972772e-3
5.69205859632726e-3
1.695099899426027e-2
1.175540065066165e-2
-1.9488125606367698e-2
-7.557554957339165e-2
-0.14542949319800677
-0.21315015282048444
-0.26384660867341236
-0.28767579951279676
-0.28194621000031833
-0.2520178085020121
-0.21033858737792424
-0.17263188732715085
-0.15260857860718968
-0.1575496069957272
-0.185608483296359
-0.22518401325190657
-0.2576803614871677
-0.2642516022475058
-0.23388981315927235
-0.16849890827373554
-8.293169031113948e-2
-9.579020300109981e-4
5.131769357899494e-2
5.3335551601677286e-2
-2.442686035945541e-3
-0.10595237133088754
-0.23046775162890326
-0.33951805011187347
-0.3974091977095028
-0.38074217633900864
-0.2881585067123812
-0.14358547750951092
1.0540653007800955e-2
0.12830269967614805
0.1777988087378291
0.15392167100925847
8.020822547619733e-2
-1.729632235172576e-3
-5.034340917330835e-2
-4.1564398392132544e-2
2.163626962263715e-2
0.11124814273324887
0.18727656411748045
0.21623775626713282
0.18621582173776566
0.11115656681433145
2.301991063243932e-2
-4.330141239736393e-2
-6.501418314522092e-2
-3.9883704376460785e-2
1.5319132246193506e-2
7.382845252298945e-2
0.10924598521491018
0.10351177691678018
5.17310212873112e-2
-3.617857021350829e-2
-0.1370566487135207
-0.2199882887123111
-0.25607009545996307
-0.22972484823420924
-0.14645330296997056
-3.335996033766048e-2
6.813730740561096e-2
0.11554237158657547
8.045859087142673e-2
-3.957167037000017e-2
-0.21726453741773433
-0.4023676283240922
-0.5379716742374131
-0.5803976555269087
-0.5137946697856728
-0.35384995568571753
-0.14166593587598428
6.810841777849486e-2
0.22199894539374854
0.28268934841599935
0.2400800017380826
0.11377947745512888
-5.490037845688947e-2
-0.2177505513178296
-0.33425923482901315
-0.38165398510816895
-0.3591113093933307
-0.28500030974199014
-0.18783898404853108
-9.554159899784208e-2
-2.8223601365402102e-2
4.084183100809887e-3
6.45402833317955e-4
-3.2521374270004656e-2
-8.582736660490882e-2
-0.14810022756601113
-0.20700163718519357
-0.24946460038413515
-0.26354055059150183
-0.24184837986213492
-0.18544520720279714
-0.10540057844317528
-2.03252218367587e-2
4.847553997773686e-2
8.199383558263736e-2
6.852627150152936e-2
8.013521458225389e-3
-8.707825226858011e-2
-0.1957383740718992
-0.29504728794018353
-0.3659594720876263
-0.39609762196984105
-0.3800983757579166
-0.3196453029674205
-0.22362039719462046
-0.10659651283570497
1.5237312241194416e-2
0.1289202206710189
0.22758534962280239
0.31004850076983004
0.37731272842068636
0.42750955468710783
0.45261362158315016
0.44027096777678826
0.38070413042202345
0.2745284476739109
0.13669888496358884
-5.426178702717683e-3
-0.11962287068553183
-0.17961152983540588
-0.1742486441577989
-0.11090021231227111
-1.2456566245851222e-2
9.005377506621744e-2
0.16635854962379285
0.19497984029116885
0.1691058468837416
9.819134399874327e-2
3.8359725467960997e-3
-8.755736866759005e-2
-0.15201137186358774
-0.17444006423704125
-0.15318229819007123
-0.10009393534263814
-3.639908909896582e-2
1.364045369833971e-2
3.0323925236733884e-2
5.497911126367403e-3
-5.481752062681717e-2
-0.13369990597178172
-0.21002997102719886
-0.26518769651472346
-0.287868313148983
-0.27617997615866097
-0.23637488058383097
-0.17876541637906618
-0.11301188986206084
-4.492450483272131e-2
2.4323320811216218e-2
9.655248094280754e-2
0.1730169580974365
0.2501599975850613
0.3168087817986033
0.35502619148560227
0.3451375413592097
0.27320389250132493
0.13844137120828306
-4.197614625998698e-2
-0.23378959543044597
-0.39398051742253465
-0.4836987231693004
-0.47970286375990023
-0.38057879541527767
-0.20713577258675078
3.342820912615601e-3
0.20803972195424178
0.37087677824441734
0.4710241149250532
0.5043861867283951
0.4793664422875733
0.4113672617602791
0.3187140101025366
0.22004917689289236
0.13306923416764294
7.386704426701796e-2
5.5045251912436005e-2
8.195542802590744e-2
0.14872952007254275
0.2369051060197963
0.3187395649272637
0.36501021896826025
0.35451064976907826
0.2816290687355882
0.1595247958176321
1.7256006124040726e-2
-0.10925635693990329
-0.1890318768410296
-0.20588765902321288
-0.16296778154068567
-7.987181426721761e-2
1.5962103767327738e-2
9.803448585069506e-2
0.14649720638776767
0.1521354635355121
0.11909975204400998
6.391662628099733e-2
9.548575295889813e-3
-2.3161520451639193e-2
-2.2877385380363182e-2
8.355766432884219e-3
5.4956455029696795e-2
9.152672605003374e-2
9.121302251518332e-2
3.690277921152645e-2
-7.050376915569871e-2
-0.21180174902929483
-0.35672177139908356
-0.47428843451806707
-0.5420458597103337
-0.5516712461631121
-0.5099508706152439
-0.4351231639876883
-0.35039304807716043
-0.27787818221925736
-0.23478056978366665
-0.2313213062831771
-0.26942481780442173
-0.34139537467628445
-0.4292832233675747
-0.507339727195122
-0.5485857521337025
-0.5331253041473436
-0.45432478943803367
-0.32062921328477617
-0.15351492987409582
1.7068761079602573e-2
0.1589865941194159
0.2452678674303402
0.2613529886333254
0.20989863482083151
0.11044997498310383
-6.182884298898253e-3
-0.10618435979888685
-0.16130562723984973
-0.15642651513357636
-9.432028477663826e-2
3.8641154476054375e-3
0.10310447140423334
0.1639805940658806
0.15485131085131823
6.265484479731143e-2
-0.1009444895815421
-0.30012554281991216
-0.48335835366746543
-0.598391923336625
-0.609175033325813
-0.5082150896565714
-0.31865664889910805
-8.503037648457011e-2
0.14241228624075114
0.32268847261989353
0.43363871662090003
0.47455243883218395
0.46193215691760126
0.4197668040232627
0.3682983263253949
0.31661402686603546
0.2622006861740474
0.19677358286828595
0.11472138128100792
1.9457887316473663e-2
-7.545947579380267e-2
-0.15074503793559363
-0.1894067626344296
-0.18454669947980668
-0.14272010038804434
-8.142142590621092e-2
-2.2749907575272094e-2
1.3521686454865723e-2
1.5413317845092757e-2
-1.812104599971133e-2
-7.732438018886828e-2
-0.1450722168291214
-0.20196676523196702
-0.2318967802121268
-0.22749228157211848
-0.19350206133596135
-0.14537336427465652
-0.1026924613924392
-8.093405148438466e-2
-8.599777664731585e-2
-0.11301700095647312
-0.14797749668174107
-0.17158622655472808
-0.16636036072154423
-0.12524216956881618
-5.6406399726129035e-2
1.9447919195794628e-2
7.740678432236349e-2
9.726125707429466e-2
6.952567905006868e-2
-2.2624249575136264e-3
-0.10260674727867874
-0.20828768463637315
-0.2949030238831894
-0.3432536664482514
-0.34340691291761977
-0.29635784162953593
-0.2136850754245209
-0.1143687398479063
-1.8446203806126514e-2
6.001730718933132e-2
0.1165899643563129
0.1548764340357201
0.18154632082090716
0.2015050913544041
0.215702792804534
0.22201526811735223
0.21757213578939277
0.20040340093250744
0.17016080065628095
0.1286516909464698
7.964023708403166e-2
2.8041671098950206e-2
-1.9698962140513712e-2
-5.441431080950261e-2
-6.542151650271888e-2
-4.566692763688645e-2
2.2119181140894135e-3
